UNITID,Level of Student,Grand Total,Grand Total Men,Grand Total Women
100654,1,6686,2627,4059
100654,2,5530,2290,3240
100654,4,1156,337,819
100663,1,25705,9745,15960
100663,2,14808,5814,8994
100663,4,10897,3931,6966
100690,1,1058,411,647
100690,2,484,160,324
100690,4,574,251,323
100706,1,11135,6106,5029
100706,2,8657,4911,3746
100706,4,2478,1195,1283
100724,1,4892,1814,3078
100724,2,4284,1631,2653
100724,4,608,183,425
100751,1,42432,18552,23880
100751,2,36045,16056,19989
100751,4,6387,2496,3891
100760,1,2296,993,1303
100760,2,2296,993,1303
100812,1,3982,1302,2680
100812,2,3781,1225,2556
100812,4,201,77,124
100830,1,6296,2192,4104
100830,2,5525,1928,3597
100830,4,771,264,507
100858,1,32442,16578,15864
100858,2,25795,13465,12330
100858,4,6647,3113,3534
100937,1,1341,647,694
100937,2,1341,647,694
101028,1,2232,857,1375
101028,2,2232,857,1375
101116,1,656,150,506
101116,2,544,117,427
101116,4,112,33,79
101143,1,2409,1130,1279
101143,2,2409,1130,1279
101161,1,10546,4302,6244
101161,2,10546,4302,6244
101189,1,4018,1558,2460
101189,2,2978,1177,1801
101189,4,1040,381,659
101240,1,6678,2678,4000
101240,2,6678,2678,4000
101277,1,140,3,137
101277,2,140,3,137
101286,1,6283,2192,4091
101286,2,6283,2192,4091
101295,1,6975,2492,4483
101295,2,6975,2492,4483
101301,1,2448,947,1501
101301,2,2448,947,1501
101365,1,1108,240,868
101365,2,1082,236,846
101365,4,26,4,22
101435,1,1208,593,615
101435,2,1208,593,615
101453,1,109,103,6
101453,2,69,64,5
101453,4,40,39,1
101462,1,1121,528,593
101462,2,1121,528,593
101471,1,806,581,225
101471,2,806,581,225
101480,1,9766,4017,5749
101480,2,8307,3527,4780
101480,4,1459,490,969
101505,1,13617,5274,8343
101505,2,13617,5274,8343
101514,1,15020,6991,8029
101514,2,15020,6991,8029
101541,1,398,7,391
101541,2,398,7,391
101569,1,4874,1849,3025
101569,2,4874,1849,3025
101587,1,7908,2067,5841
101587,2,2767,1129,1638
101587,4,5141,938,4203
101602,1,2514,1038,1476
101602,2,2514,1038,1476
101648,1,417,312,105
101648,2,417,312,105
101675,1,1853,868,985
101675,2,1853,868,985
101693,1,2065,699,1366
101693,2,1786,634,1152
101693,4,279,65,214
101709,1,2841,892,1949
101709,2,2445,815,1630
101709,4,396,77,319
101736,1,4934,1940,2994
101736,2,4934,1940,2994
101879,1,8901,3629,5272
101879,2,7088,2899,4189
101879,4,1813,730,1083
101897,1,4007,1554,2453
101897,2,4007,1554,2453
101912,1,1772,763,1009
101912,2,1702,735,967
101912,4,70,28,42
101994,1,604,222,382
101994,2,604,222,382
102030,1,4563,1859,2704
102030,2,4563,1859,2704
102049,1,6041,2071,3970
102049,2,3618,1232,2386
102049,4,2423,839,1584
102058,1,215,118,97
102058,2,197,109,88
102058,4,18,9,9
102067,1,7044,3017,4027
102067,2,7044,3017,4027
102076,1,4118,1567,2551
102076,2,4118,1567,2551
102094,1,16889,5877,11012
102094,2,11327,4672,6655
102094,4,5562,1205,4357
102234,1,1534,641,893
102234,2,1356,527,829
102234,4,178,114,64
102270,1,947,415,532
102270,2,947,415,532
102298,1,1331,680,651
102298,2,1321,679,642
102298,4,10,1,9
102313,1,2618,1156,1462
102313,2,2618,1156,1462
102368,1,21039,7915,13124
102368,2,16107,6229,9878
102368,4,4932,1686,3246
102377,1,3345,1227,2118
102377,2,2797,1043,1754
102377,4,548,184,364
102395,1,583,437,146
102395,2,306,241,65
102395,4,277,196,81
102429,1,5637,2225,3412
102429,2,5637,2225,3412
102553,1,23371,9190,14181
102553,2,22300,8838,13462
102553,4,1071,352,719
102580,1,54,31,23
102580,2,54,31,23
102614,1,12297,4717,7580
102614,2,11045,4222,6823
102614,4,1252,495,757
102632,1,4066,1427,2639
102632,2,3654,1316,2338
102632,4,412,111,301
102669,1,597,204,393
102669,2,368,116,252
102669,4,229,88,141
102711,1,190,144,46
102711,2,190,144,46
102845,1,4383,1086,3297
102845,2,4383,1086,3297
103501,1,605,84,521
103501,2,605,84,521
103741,1,154,17,137
103741,2,154,17,137
103893,1,2582,401,2181
103893,2,2582,401,2181
103945,1,81,11,70
103945,2,81,11,70
103954,1,84,5,79
103954,2,84,5,79
103963,1,1135,1030,105
103963,2,1135,1030,105
104090,1,2212,323,1889
104090,2,2189,320,1869
104090,4,23,3,20
104151,1,56567,31811,24756
104151,2,46314,25944,20370
104151,4,10253,5867,4386
104160,1,11521,5221,6300
104160,2,11521,5221,6300
104179,1,48653,23138,25515
104179,2,37332,17833,19499
104179,4,11321,5305,6016
104188,1,127,61,66
104188,2,125,59,66
104188,4,2,2,0
104346,1,8518,3681,4837
104346,2,8518,3681,4837
104391,1,71,5,66
104391,2,71,5,66
104425,1,9842,6147,3695
104425,2,9842,6147,3695
104434,1,57,2,55
104434,2,57,2,55
104443,1,101,10,91
104443,2,101,10,91
104568,1,536,16,520
104568,2,536,16,520
104577,1,8529,4040,4489
104577,2,8529,4040,4489
104586,1,2928,2197,731
104586,2,2858,2154,704
104586,4,70,43,27
104665,1,24,12,12
104665,4,24,12,12
104708,1,26054,11857,14197
104708,2,26054,11857,14197
104717,1,145131,38887,106244
104717,2,83642,24076,59566
104717,4,61489,14811,46678
105145,1,7685,3251,4434
105145,2,7685,3251,4434
105154,1,29837,13975,15862
105154,2,29837,13975,15862
105206,1,5539,1876,3663
105206,2,5539,1876,3663
105215,1,1374,1301,73
105215,2,1374,1301,73
105297,1,1996,662,1334
105297,2,1996,662,1334
105330,1,34934,13166,21768
105330,2,29814,11651,18163
105330,4,5120,1515,3605
105349,1,5841,2218,3623
105349,2,5841,2218,3623
105367,1,1391,477,914
105367,2,592,167,425
105367,4,799,310,489
105428,1,16719,6086,10633
105428,2,16719,6086,10633
105525,1,33708,15178,18530
105525,2,33708,15178,18530
105534,1,3425,693,2732
105534,2,3425,693,2732
105543,1,1152,220,932
105543,2,1152,220,932
105589,1,1063,308,755
105589,2,558,194,364
105589,4,505,114,391
105659,1,1524,1448,76
105659,2,1524,1448,76
105668,1,41496,16264,25232
105668,2,41496,16264,25232
105677,1,34,34,0
105677,2,34,34,0
105747,1,13022,5853,7169
105747,2,13022,5853,7169
105792,1,5877,2429,3448
105792,2,5877,2429,3448
105899,1,857,500,357
105899,2,857,500,357
106041,1,2589,2459,130
106041,2,2589,2459,130
106111,1,150,10,140
106111,2,150,10,140
106148,1,9809,4120,5689
106148,2,9809,4120,5689
106245,1,12993,4819,8174
106245,2,9529,3564,5965
106245,4,3464,1255,2209
106263,1,2996,948,2048
106263,2,637,113,524
106263,4,2359,835,1524
106306,1,812,632,180
106306,2,812,632,180
106315,1,236,8,228
106315,2,236,8,228
106324,1,29,0,29
106324,2,29,0,29
106342,1,692,389,303
106342,2,692,389,303
106351,1,187,119,68
106351,2,187,119,68
106360,1,53,2,51
106360,2,53,2,51
106397,1,30459,14446,16013
106397,2,25149,11755,13394
106397,4,5310,2691,2619
106412,1,2818,1190,1628
106412,2,2686,1115,1571
106412,4,132,75,57
106449,1,4716,1852,2864
106449,2,4716,1852,2864
106458,1,18977,6932,12045
106458,2,10860,4260,6600
106458,4,8117,2672,5445
106467,1,13722,5965,7757
106467,2,12483,5601,6882
106467,4,1239,364,875
106485,1,3716,1527,2189
106485,2,3191,1360,1831
106485,4,525,167,358
106494,1,55,3,52
106494,2,55,3,52
106546,1,894,110,784
106546,2,894,110,784
106625,1,2182,766,1416
106625,2,2182,766,1416
106704,1,12741,4886,7855
106704,2,10512,4308,6204
106704,4,2229,578,1651
106713,1,849,463,386
106713,2,849,463,386
106795,1,1948,673,1275
106795,2,1948,673,1275
106810,1,207,102,105
106810,2,207,102,105
106883,1,1721,631,1090
106883,2,1721,631,1090
106892,1,395,16,379
106892,2,395,16,379
106908,1,599,43,556
106908,2,599,43,556
106980,1,3278,1221,2057
106980,2,3278,1221,2057
106999,1,1610,522,1088
106999,2,1610,522,1088
107044,1,5717,2478,3239
107044,2,4323,1975,2348
107044,4,1394,503,891
107071,1,4565,1844,2721
107071,2,3766,1627,2139
107071,4,799,217,582
107080,1,1226,591,635
107080,2,1219,589,630
107080,4,7,2,5
107099,1,39,4,35
107099,2,39,4,35
107123,1,122,14,108
107123,2,122,14,108
107141,1,2830,1146,1684
107141,2,2078,902,1176
107141,4,752,244,508
107220,1,321,16,305
107220,2,321,16,305
107293,1,91,10,81
107293,2,91,10,81
107318,1,1852,677,1175
107318,2,1852,677,1175
107327,1,2006,792,1214
107327,2,2006,792,1214
107442,1,57,41,16
107442,2,57,41,16
107460,1,2311,907,1404
107460,2,2311,907,1404
107488,1,317,199,118
107488,2,317,199,118
107512,1,1768,799,969
107512,2,1768,799,969
107521,1,1663,647,1016
107521,2,1663,647,1016
107549,1,1554,451,1103
107549,2,1554,451,1103
107558,1,916,452,464
107558,2,916,452,464
107585,1,2475,892,1583
107585,2,2475,892,1583
107600,1,1075,372,703
107600,2,1075,372,703
107619,1,1941,771,1170
107619,2,1941,771,1170
107637,1,1731,539,1192
107637,2,1731,539,1192
107655,1,54,1,53
107655,2,54,1,53
107664,1,7488,2685,4803
107664,2,7488,2685,4803
107725,1,1910,601,1309
107725,2,1910,601,1309
107743,1,1051,338,713
107743,2,1051,338,713
107789,1,151,9,142
107789,2,151,9,142
107831,1,119,4,115
107831,2,119,4,115
107840,1,359,105,254
107840,2,359,105,254
107877,1,555,313,242
107877,2,531,305,226
107877,4,24,8,16
107974,1,2150,627,1523
107974,2,2150,627,1523
107983,1,5182,2156,3026
107983,2,3889,1689,2200
107983,4,1293,467,826
107992,1,1968,1129,839
107992,2,1968,1129,839
108065,1,18,2,16
108065,2,18,2,16
108092,1,7365,3176,4189
108092,2,7334,3166,4168
108092,4,31,10,21
108232,1,13615,5506,8109
108232,2,9267,4019,5248
108232,4,4348,1487,2861
108269,1,160,40,120
108269,4,160,40,120
108348,1,56,36,20
108348,2,56,36,20
108649,1,182,6,176
108649,2,182,6,176
108667,1,10575,4400,6175
108667,2,10575,4400,6175
108807,1,15587,7077,8510
108807,2,15587,7077,8510
108852,1,296,115,181
108852,2,296,115,181
108861,1,62,40,22
108861,4,62,40,22
108870,1,375,193,182
108870,4,375,193,182
108977,1,185,77,108
108977,2,185,77,108
109040,1,2315,472,1843
109040,2,2315,472,1843
109086,1,98,36,62
109086,2,61,17,44
109086,4,37,19,18
109208,1,46047,24475,21572
109208,2,46047,24475,21572
109350,1,18541,7675,10866
109350,2,18541,7675,10866
109651,1,2970,1384,1586
109651,2,2699,1242,1457
109651,4,271,142,129
109721,1,632,300,332
109721,2,632,300,332
109730,1,169,137,32
109730,2,169,137,32
109785,1,11843,3943,7900
109785,2,6293,2147,4146
109785,4,5550,1796,3754
109819,1,36168,16542,19626
109819,2,36168,16542,19626
109907,1,4641,1655,2986
109907,2,4641,1655,2986
109934,1,345,110,235
109934,2,345,110,235
110060,1,476,284,192
110060,2,306,211,95
110060,4,170,73,97
110097,1,6522,2849,3673
110097,2,4159,1531,2628
110097,4,2363,1318,1045
110194,1,338,334,4
110194,2,338,334,4
110219,1,2087,776,1311
110219,2,2080,775,1305
110219,4,7,1,6
110246,1,13659,6338,7321
110246,2,13659,6338,7321
110316,1,1601,422,1179
110316,2,88,31,57
110316,4,1513,391,1122
110334,1,16514,7929,8585
110334,2,16514,7929,8585
110361,1,12862,4495,8367
110361,2,9104,3401,5703
110361,4,3758,1094,2664
110370,1,2136,802,1334
110370,2,1655,629,1026
110370,4,481,173,308
110398,1,1037,420,617
110398,4,1037,420,617
110404,1,2334,1489,845
110404,2,989,541,448
110404,4,1345,948,397
110413,1,5145,2183,2962
110413,2,3409,1499,1910
110413,4,1736,684,1052
110422,1,23278,11927,11351
110422,2,22130,11355,10775
110422,4,1148,572,576
110468,1,5610,1864,3746
110468,2,1896,861,1035
110468,4,3714,1003,2711
110486,1,12944,4851,8093
110486,2,11168,4316,6852
110486,4,1776,535,1241
110495,1,11821,3919,7902
110495,2,10307,3532,6775
110495,4,1514,387,1127
110510,1,21967,8600,13367
110510,2,19195,7625,11570
110510,4,2772,975,1797
110529,1,28547,15182,13365
110529,2,26549,14188,12361
110529,4,1998,994,1004
110538,1,19323,8847,10476
110538,2,18053,8476,9577
110538,4,1270,371,899
110547,1,18196,6534,11662
110547,2,14915,5557,9358
110547,4,3281,977,2304
110556,1,26765,10758,16007
110556,2,23304,9606,13698
110556,4,3461,1152,2309
110565,1,46588,19953,26635
110565,2,40350,17591,22759
110565,4,6238,2362,3876
110574,1,18549,7163,11386
110574,2,15116,5897,9219
110574,4,3433,1266,2167
110583,1,41344,17519,23825
110583,2,34674,15093,19581
110583,4,6670,2426,4244
110592,1,29963,12420,17543
110592,2,25613,10856,14757
110592,4,4350,1564,2786
110608,1,43348,19072,24276
110608,2,37218,17079,20139
110608,4,6130,1993,4137
110617,1,35644,15609,20035
110617,2,31969,14263,17706
110617,4,3675,1346,2329
110635,1,45183,22301,22882
110635,2,32700,15533,17167
110635,4,12483,6768,5715
110644,1,40623,16630,23993
110644,2,32863,13140,19723
110644,4,7760,3490,4270
110653,1,38105,18753,19352
110653,2,31386,15235,16151
110653,4,6719,3518,3201
110662,1,47103,21390,25713
110662,2,33703,14256,19447
110662,4,13400,7134,6266
110671,1,25816,12306,13510
110671,2,22286,10327,11959
110671,4,3530,1979,1551
110680,1,39811,20839,18972
110680,2,31840,16050,15790
110680,4,7971,4789,3182
110699,1,3185,1185,2000
110699,4,3185,1185,2000
110705,1,27685,13013,14672
110705,2,24638,11330,13308
110705,4,3047,1683,1364
110714,1,20839,10811,10028
110714,2,18774,9671,9103
110714,4,2065,1140,925
110778,1,2080,986,1094
110778,2,9,1,8
110778,4,2071,985,1086
110875,1,104,1,103
110875,2,104,1,103
110918,1,17,13,4
110918,2,17,13,4
111045,1,76,37,39
111045,2,18,5,13
111045,4,58,32,26
111054,1,305,115,190
111054,2,305,115,190
111081,1,1618,718,900
111081,2,1111,504,607
111081,4,507,214,293
111188,1,1122,937,185
111188,2,1091,911,180
111188,4,31,26,5
111391,1,848,367,481
111391,4,848,367,481
111434,1,10123,3838,6285
111434,2,10123,3838,6285
111461,1,35018,19986,15032
111461,2,35018,19986,15032
111513,1,281,1,280
111513,2,281,1,280
111638,1,339,131,208
111638,2,339,131,208
111708,1,297,229,68
111708,2,297,229,68
111717,1,413,248,165
111717,2,413,248,165
111726,1,397,294,103
111726,2,397,294,103
111744,1,268,250,18
111744,2,268,250,18
111762,1,167,68,99
111762,2,167,68,99
111799,1,268,50,218
111799,2,268,50,218
111887,1,28922,13768,15154
111887,2,28922,13768,15154
111896,1,9825,4229,5596
111896,2,9825,4229,5596
111920,1,20005,9307,10698
111920,2,20005,9307,10698
111939,1,30177,12289,17888
111939,2,30177,12289,17888
111948,1,10286,4048,6238
111948,2,7626,3021,4605
111948,4,2660,1027,1633
111966,1,934,246,688
111966,2,243,75,168
111966,4,691,171,520
112075,1,5795,2366,3429
112075,2,2014,747,1267
112075,4,3781,1619,2162
112084,1,771,343,428
112084,2,581,291,290
112084,4,190,52,138
112127,1,103,41,62
112127,4,103,41,62
112172,1,18672,8361,10311
112172,2,18672,8361,10311
112181,1,139,3,136
112181,2,139,3,136
112190,1,39537,18304,21233
112190,2,39537,18304,21233
112251,1,2075,895,1180
112251,4,2075,895,1180
112260,1,1358,714,644
112260,2,1355,711,644
112260,4,3,3,0
112288,1,531,52,479
112288,2,531,52,479
112367,1,882,110,772
112367,2,882,110,772
112385,1,19804,11163,8641
112385,2,19804,11163,8641
112394,1,697,484,213
112394,2,687,478,209
112394,4,10,6,4
112455,1,128,26,102
112455,2,128,26,102
112525,1,3841,1511,2330
112525,4,3841,1511,2330
112561,1,3602,1643,1959
112561,2,3602,1643,1959
112570,1,572,314,258
112570,2,572,314,258
112686,1,11459,4027,7432
112686,2,11459,4027,7432
112826,1,11181,4357,6824
112826,2,11181,4357,6824
113096,1,21015,8959,12056
113096,2,21015,8959,12056
113111,1,9306,4118,5188
113111,2,9306,4118,5188
113193,1,15640,7564,8076
113193,2,15640,7564,8076
113218,1,13454,5887,7567
113218,2,13454,5887,7567
113236,1,21695,9325,12370
113236,2,21695,9325,12370
113333,1,29192,14507,14685
113333,2,29192,14507,14685
113449,1,248,60,188
113449,2,248,60,188
113537,1,31,11,20
113537,2,11,2,9
113537,4,20,9,11
113573,1,14374,6279,8095
113573,2,14374,6279,8095
113582,1,171,14,157
113582,2,171,14,157
113634,1,30072,14166,15906
113634,2,30072,14166,15906
113698,1,1962,534,1428
113698,2,1482,420,1062
113698,4,480,114,366
113704,1,75,68,7
113704,4,75,68,7
113856,1,56468,27914,28554
113856,2,56468,27914,28554
113980,1,34373,16280,18093
113980,2,34373,16280,18093
114044,1,387,23,364
114044,2,387,23,364
114114,1,310,71,239
114114,4,310,71,239
114123,1,545,116,429
114123,2,450,75,375
114123,4,95,41,54
114266,1,14811,6636,8175
114266,2,14811,6636,8175
114354,1,3082,461,2621
114354,2,3049,455,2594
114354,4,33,6,27
114390,1,272,48,224
114390,2,272,48,224
114433,1,3618,1772,1846
114433,2,3618,1772,1846
114460,1,535,99,436
114460,2,535,99,436
114549,1,1318,314,1004
114549,4,1318,314,1004
114585,1,431,103,328
114585,4,431,103,328
114637,1,149,11,138
114637,2,149,11,138
114716,1,29698,14574,15124
114716,2,29698,14574,15124
114734,1,57,26,31
114734,4,57,26,31
114761,1,86,8,78
114761,2,86,8,78
114789,1,37849,17518,20331
114789,2,37849,17518,20331
114813,1,5490,1459,4031
114813,2,3883,1008,2875
114813,4,1607,451,1156
114840,1,3570,2058,1512
114840,4,3570,2058,1512
114859,1,31457,14728,16729
114859,2,31457,14728,16729
114938,1,8581,4391,4190
114938,2,8581,4391,4190
114947,1,354,178,176
114947,2,354,178,176
115001,1,19230,8737,10493
115001,2,19230,8737,10493
115010,1,968,233,735
115010,2,968,233,735
115083,1,3381,1764,1617
115083,2,652,441,211
115083,4,2729,1323,1406
115126,1,17732,7865,9867
115126,2,17732,7865,9867
115214,1,210,123,87
115214,4,210,123,87
115296,1,25028,10379,14649
115296,2,25028,10379,14649
115357,1,165,47,118
115357,2,165,47,118
115393,1,18538,9873,8665
115393,2,18538,9873,8665
115409,1,923,475,448
115409,2,923,475,448
115658,1,160,9,151
115658,2,160,9,151
115728,1,1091,322,769
115728,2,689,237,452
115728,4,402,85,317
115746,1,976,233,743
115746,4,976,233,743
115755,1,8622,3641,4981
115755,2,7886,3397,4489
115755,4,736,244,492
115773,1,707,217,490
115773,2,475,148,327
115773,4,232,69,163
115861,1,10628,4686,5942
115861,2,10628,4686,5942
115931,1,919,640,279
115931,2,919,640,279
116226,1,267,14,253
116226,2,259,13,246
116226,4,8,1,7
116350,1,321,38,283
116350,2,321,38,283
116439,1,19299,9322,9977
116439,2,19299,9322,9977
116563,1,297,11,286
116563,2,297,11,286
116712,1,1615,509,1106
116712,2,606,224,382
116712,4,1009,285,724
116846,1,170,61,109
116846,2,70,26,44
116846,4,100,35,65
117052,1,18167,7168,10999
117052,2,18167,7168,10999
117104,1,677,330,347
117104,2,572,267,305
117104,4,105,63,42
117140,1,9774,3764,6010
117140,2,6057,2544,3513
117140,4,3717,1220,2497
117168,1,819,270,549
117168,2,764,241,523
117168,4,55,29,26
117195,1,7185,4055,3130
117195,2,7185,4055,3130
117238,1,200,44,156
117238,2,200,44,156
117247,1,17068,7673,9395
117247,2,17068,7673,9395
117274,1,4890,4091,799
117274,2,4890,4091,799
117520,1,756,422,334
117520,4,756,422,334
117548,1,280,115,165
117548,4,280,115,165
117557,1,652,367,285
117557,2,118,61,57
117557,4,534,306,228
117575,1,283,175,108
117575,2,70,49,21
117575,4,213,126,87
117627,1,2789,1094,1695
117627,2,2036,818,1218
117627,4,753,276,477
117636,1,5316,1813,3503
117636,2,1750,459,1291
117636,4,3566,1354,2212
117645,1,33098,14336,18762
117645,2,33098,14336,18762
117672,1,2808,977,1831
117672,2,2163,612,1551
117672,4,645,365,280
117690,1,12560,4985,7575
117690,2,12560,4985,7575
117706,1,27577,12036,15541
117706,2,27577,12036,15541
117715,1,9933,3039,6894
117715,2,9933,3039,6894
117724,1,21363,11011,10352
117724,2,21363,11011,10352
117733,1,26594,11092,15502
117733,2,26594,11092,15502
117751,1,2636,1698,938
117751,2,1644,879,765
117751,4,992,819,173
117788,1,25897,10635,15262
117788,2,25897,10635,15262
117803,1,282,73,209
117803,2,282,73,209
117867,1,16005,6102,9903
117867,2,16005,6102,9903
117894,1,13687,5951,7736
117894,2,13687,5951,7736
117946,1,10698,4504,6194
117946,2,6978,3127,3851
117946,4,3720,1377,2343
117955,1,505,111,394
117955,2,505,111,394
118134,1,131,3,128
118134,2,131,3,128
118143,1,110,9,101
118143,2,110,9,101
118161,1,212,7,205
118161,2,212,7,205
118198,1,1240,268,972
118198,2,1240,268,972
118347,1,7327,3089,4238
118347,2,7327,3089,4238
118541,1,908,454,454
118541,2,767,391,376
118541,4,141,63,78
118684,1,6477,2498,3979
118684,2,6477,2498,3979
118693,1,850,489,361
118693,2,850,489,361
118718,1,15241,6176,9065
118718,2,15241,6176,9065
118772,1,12264,4275,7989
118772,2,12264,4275,7989
118888,1,1354,120,1234
118888,2,820,3,817
118888,4,534,117,417
118912,1,19622,8152,11470
118912,2,19622,8152,11470
118930,1,12435,5604,6831
118930,2,12435,5604,6831
118958,1,82,19,63
118958,2,82,19,63
118976,1,24881,9859,15022
118976,2,24881,9859,15022
118994,1,417,252,165
118994,2,417,252,165
119058,1,774,273,501
119058,2,6,3,3
119058,4,768,270,498
119067,1,12220,5739,6481
119067,2,12220,5739,6481
119137,1,20190,9380,10810
119137,2,20190,9380,10810
119164,1,39020,18323,20697
119164,2,39020,18323,20697
119173,1,3485,352,3133
119173,2,2610,175,2435
119173,4,875,177,698
119216,1,21317,8515,12802
119216,2,21317,8515,12802
119270,1,1468,1079,389
119270,2,1468,1079,389
119331,1,7568,3330,4238
119331,2,7568,3330,4238
119553,1,1754,546,1208
119553,2,1754,546,1208
119605,1,28163,10772,17391
119605,2,13330,5846,7484
119605,4,14833,4926,9907
119678,1,3942,3155,787
119678,4,3942,3155,787
119775,1,637,400,237
119775,2,471,295,176
119775,4,166,105,61
119845,1,190,38,152
119845,2,190,38,152
119951,1,261,41,220
119951,2,261,41,220
120069,1,490,48,442
120069,2,490,48,442
120078,1,1035,163,872
120078,2,1035,163,872
120087,1,487,84,403
120087,2,487,84,403
120166,1,83,51,32
120166,2,31,23,8
120166,4,52,28,24
120184,1,1753,517,1236
120184,2,963,325,638
120184,4,790,192,598
120254,1,2110,876,1234
120254,2,2109,875,1234
120254,4,1,1,0
120290,1,15843,8843,7000
120290,2,15843,8843,7000
120342,1,27475,14026,13449
120342,2,27475,14026,13449
120403,1,1288,423,865
120403,2,1209,403,806
120403,4,79,20,59
120421,1,10912,4804,6108
120421,2,10912,4804,6108
120537,1,1620,666,954
120537,2,1021,443,578
120537,4,599,223,376
120661,1,1223,238,985
120661,2,1223,238,985
120698,1,1261,269,992
120698,2,134,51,83
120698,4,1127,218,909
120768,1,1651,182,1469
120768,2,743,59,684
120768,4,908,123,785
120795,1,120,51,69
120795,4,120,51,69
120838,1,58,29,29
120838,2,10,7,3
120838,4,48,22,26
120865,1,1326,516,810
120865,2,1299,506,793
120865,4,27,10,17
120883,1,7000,3068,3932
120883,2,3875,1860,2015
120883,4,3125,1208,1917
120953,1,6422,5498,924
120953,2,6422,5498,924
120971,1,34820,18153,16667
120971,2,34820,18153,16667
121044,1,36788,17279,19509
121044,2,36788,17279,19509
121150,1,9814,3805,6009
121150,2,3931,1629,2302
121150,4,5883,2176,3707
121257,1,1089,479,610
121257,2,1089,479,610
121275,1,284,193,91
121275,2,284,193,91
121309,1,5383,1757,3626
121309,2,3449,1214,2235
121309,4,1934,543,1391
121345,1,1680,810,870
121345,2,1680,810,870
121363,1,5571,2103,3468
121363,2,5571,2103,3468
121433,1,147,7,140
121433,2,147,7,140
121619,1,45859,27879,17980
121619,2,45859,27879,17980
121628,1,109,57,52
121628,4,109,57,52
121637,1,128,8,120
121637,2,128,8,120
121691,1,5752,2397,3355
121691,2,3320,1424,1896
121691,4,2432,973,1459
121707,1,6345,2860,3485
121707,2,6345,2860,3485
121859,1,304,41,263
121859,2,304,41,263
121868,1,195,3,192
121868,2,195,3,192
121886,1,30796,17892,12904
121886,2,30796,17892,12904
121901,1,30458,12686,17772
121901,2,30458,12686,17772
121992,1,547,43,504
121992,2,547,43,504
122117,1,171,73,98
122117,2,20,8,12
122117,4,151,65,86
122180,1,31490,12807,18683
122180,2,31490,12807,18683
122205,1,31495,13442,18053
122205,2,31495,13442,18053
122296,1,2495,610,1885
122296,2,1100,231,869
122296,4,1395,379,1016
122339,1,24195,10759,13436
122339,2,24195,10759,13436
122375,1,35100,15853,19247
122375,2,35100,15853,19247
122384,1,26785,13960,12825
122384,2,26785,13960,12825
122409,1,37838,16774,21064
122409,2,32543,14754,17789
122409,4,5295,2020,3275
122436,1,10126,4394,5732
122436,2,6279,2855,3424
122436,4,3847,1539,2308
122454,1,476,169,307
122454,2,362,135,227
122454,4,114,34,80
122506,1,453,229,224
122506,2,223,126,97
122506,4,230,103,127
122597,1,33236,14405,18831
122597,2,29527,13142,16385
122597,4,3709,1263,2446
122603,1,173,87,86
122603,4,173,87,86
122612,1,12388,4471,7917
122612,2,7393,2759,4634
122612,4,4995,1712,3283
122649,1,177,79,98
122649,4,177,79,98
122658,1,24808,10066,14742
122658,2,24808,10066,14742
122685,1,9883,3212,6671
122685,2,9883,3212,6671
122728,1,2712,1115,1597
122728,2,1686,714,972
122728,4,1026,401,625
122746,1,14594,6593,8001
122746,2,14594,6593,8001
122755,1,38805,18568,20237
122755,2,29357,14913,14444
122755,4,9448,3655,5793
122791,1,13713,6830,6883
122791,2,13713,6830,6883
122834,1,599,135,464
122834,2,595,134,461
122834,4,4,1,3
122852,1,174,41,133
122852,2,174,41,133
122889,1,21423,9617,11806
122889,2,21423,9617,11806
122931,1,9423,4618,4805
122931,2,5797,2931,2866
122931,4,3626,1687,1939
122977,1,40173,18171,22002
122977,2,40173,18171,22002
123013,1,29046,13232,15814
123013,2,29046,13232,15814
123095,1,816,186,630
123095,4,816,186,630
123165,1,1140,25,1115
123165,2,1104,4,1100
123165,4,36,21,15
123217,1,16022,6800,9222
123217,2,16022,6800,9222
123280,1,70,33,37
123280,2,50,26,24
123280,4,20,7,13
123299,1,13151,5427,7724
123299,2,13151,5427,7724
123341,1,25854,11514,14340
123341,2,25854,11514,14340
123350,1,182,44,138
123350,2,182,44,138
123448,1,438,156,282
123448,4,438,156,282
123457,1,982,382,600
123457,2,818,314,504
123457,4,164,68,96
123484,1,2834,1306,1528
123484,2,2834,1306,1528
123493,1,360,114,246
123493,2,360,114,246
123509,1,14927,6866,8061
123509,2,14927,6866,8061
123527,1,19888,8208,11680
123527,2,19888,8208,11680
123554,1,4404,1707,2697
123554,2,2995,1262,1733
123554,4,1409,445,964
123563,1,13835,5777,8058
123563,2,13835,5777,8058
123572,1,10360,3907,6453
123572,2,9406,3623,5783
123572,4,954,284,670
123633,1,564,232,332
123633,4,564,232,332
123642,1,297,26,271
123642,2,297,26,271
123651,1,2813,895,1918
123651,2,2479,808,1671
123651,4,334,87,247
123679,1,894,239,655
123679,2,894,239,655
123800,1,26177,11826,14351
123800,2,26177,11826,14351
123855,1,108,105,3
123855,4,108,105,3
123916,1,105,32,73
123916,4,105,32,73
123943,1,699,239,460
123943,4,699,239,460
123952,1,643,387,256
123952,2,268,164,104
123952,4,375,223,152
123961,1,53186,24516,28670
123961,2,21909,10749,11160
123961,4,31277,13767,17510
123970,1,779,354,425
123970,4,779,354,425
124113,1,12027,8054,3973
124113,2,12027,8054,3973
124283,1,467,272,195
124283,4,467,272,195
124292,1,407,200,207
124292,2,407,200,207
124487,1,228,101,127
124487,2,187,79,108
124487,4,41,22,19
124681,1,1415,439,976
124681,2,1415,439,976
124706,1,1211,203,1008
124706,2,1211,203,1008
124937,1,1029,326,703
124937,2,1029,326,703
125028,1,19133,8193,10940
125028,2,19133,8193,10940
125037,1,226,78,148
125037,4,226,78,148
125091,1,17059,6991,10068
125091,2,17059,6991,10068
125170,1,10549,4587,5962
125170,2,10549,4587,5962
125231,1,80300,16362,63938
125231,2,13676,2839,10837
125231,4,66624,13523,53101
125310,1,64,16,48
125310,2,64,16,48
125462,1,6761,2984,3777
125462,2,6761,2984,3777
125471,1,22669,8503,14166
125471,2,22669,8503,14166
125499,1,12195,5323,6872
125499,2,12195,5323,6872
125532,1,5407,655,4752
125532,2,5407,655,4752
125718,1,139,128,11
125718,4,139,128,11
125727,1,1340,526,814
125727,2,1340,526,814
125763,1,1974,801,1173
125763,2,1766,735,1031
125763,4,208,66,142
125897,1,1346,644,702
125897,2,1181,569,612
125897,4,165,75,90
126012,1,553,132,421
126012,4,553,132,421
126049,1,389,177,212
126049,4,389,177,212
126076,1,206,206,0
126076,2,206,206,0
126119,1,9319,3529,5790
126119,2,9319,3529,5790
126164,1,98,3,95
126164,2,98,3,95
126182,1,3696,1705,1991
126182,2,2265,1251,1014
126182,4,1431,454,977
126207,1,8895,3680,5215
126207,2,8895,3680,5215
126289,1,15565,6932,8633
126289,2,15565,6932,8633
126359,1,447,34,413
126359,2,447,34,413
126562,1,32857,13735,19122
126562,2,21693,9602,12091
126562,4,11164,4133,7031
126580,1,17001,7869,9132
126580,2,14244,6707,7537
126580,4,2757,1162,1595
126605,1,504,476,28
126605,2,504,476,28
126614,1,40353,22263,18090
126614,2,33059,18304,14755
126614,4,7294,3959,3335
126669,1,13563,4824,8739
126669,2,12178,4430,7748
126669,4,1385,394,991
126678,1,2313,1012,1301
126678,2,2268,1006,1262
126678,4,45,6,39
126687,1,1456,252,1204
126687,2,1456,252,1204
126711,1,8180,3483,4697
126711,2,8180,3483,4697
126748,1,1722,739,983
126748,2,1722,739,983
126775,1,6639,4676,1963
126775,2,5116,3584,1532
126775,4,1523,1092,431
126784,1,211,208,3
126784,2,211,208,3
126818,1,37356,17686,19670
126818,2,28398,13675,14723
126818,4,8958,4011,4947
126827,1,46002,17327,28675
126827,2,39810,14584,25226
126827,4,6192,2743,3449
126863,1,11350,4965,6385
126863,2,11350,4965,6385
126872,1,139,30,109
126872,2,139,30,109
126915,1,380,79,301
126915,2,380,79,301
126942,1,11642,4731,6911
126942,2,11642,4731,6911
126951,1,1634,1525,109
126951,2,1634,1525,109
126979,1,1062,594,468
126979,4,1062,594,468
127060,1,14429,6007,8422
127060,2,6203,2863,3340
127060,4,8226,3144,5082
127158,1,6308,5204,1104
127158,2,6308,5204,1104
127185,1,3743,1781,1962
127185,2,3695,1766,1929
127185,4,48,15,33
127200,1,28074,12160,15914
127200,2,28074,12160,15914
127273,1,275,109,166
127273,4,275,109,166
127316,1,459,51,408
127316,2,459,51,408
127389,1,989,404,585
127389,2,989,404,585
127556,1,10835,4976,5859
127556,2,10650,4907,5743
127556,4,185,69,116
127565,1,24781,11303,13478
127565,2,23944,11100,12844
127565,4,837,203,634
127617,1,1731,593,1138
127617,2,1731,593,1138
127653,1,1081,310,771
127653,2,491,161,330
127653,4,590,149,441
127714,1,1139,651,488
127714,2,1139,651,488
127732,1,2227,904,1323
127732,2,2227,904,1323
127741,1,15950,4976,10974
127741,2,11564,4004,7560
127741,4,4386,972,3414
127778,1,1621,684,937
127778,2,1621,684,937
127820,1,18701,8001,10700
127820,2,18701,8001,10700
127884,1,9562,4576,4986
127884,2,9562,4576,4986
127909,1,11967,6004,5963
127909,2,11905,5979,5926
127909,4,62,25,37
127918,1,10092,3842,6250
127918,2,4755,1984,2771
127918,4,5337,1858,3479
127945,1,1779,517,1262
127945,2,1775,517,1258
127945,4,4,0,4
127954,1,67,10,57
127954,2,20,2,18
127954,4,47,8,39
128106,1,13683,4173,9510
128106,2,5795,2675,3120
128106,4,7888,1498,6390
128151,1,1413,667,746
128151,2,1413,667,746
128179,1,885,673,212
128179,2,885,673,212
128188,1,1479,541,938
128188,2,1479,541,938
128258,1,2259,951,1308
128258,2,2259,951,1308
128328,1,4330,3170,1160
128328,2,4330,3170,1160
128337,1,157,9,148
128337,2,157,9,148
128391,1,4196,2092,2104
128391,2,3571,1889,1682
128391,4,625,203,422
128498,1,1924,579,1345
128498,2,1435,466,969
128498,4,489,113,376
128577,1,2508,1140,1368
128577,2,2508,1140,1368
128586,1,56,56,0
128586,2,56,56,0
128674,1,187,20,167
128674,2,187,20,167
128744,1,6642,2411,4231
128744,2,3945,1363,2582
128744,4,2697,1048,1649
128771,1,13866,6929,6937
128771,2,10873,5807,5066
128771,4,2993,1122,1871
128780,1,2337,732,1605
128780,2,2232,694,1538
128780,4,105,38,67
128896,1,77,20,57
128896,2,77,20,57
128902,1,1922,742,1180
128902,2,1922,742,1180
129002,1,564,332,232
129002,2,564,332,232
129020,1,29683,14396,15287
129020,2,20479,10050,10429
129020,4,9204,4346,4858
129154,1,4973,984,3989
129154,2,4885,962,3923
129154,4,88,22,66
129181,1,1221,1119,102
129181,2,1221,1119,102
129215,1,5714,2383,3331
129215,2,5425,2289,3136
129215,4,289,94,195
129242,1,5887,2243,3644
129242,2,4561,1834,2727
129242,4,1326,409,917
129349,1,322,10,312
129349,2,322,10,312
129367,1,4969,1453,3516
129367,2,4969,1453,3516
129428,1,86,78,8
129428,4,86,78,8
129482,1,650,44,606
129482,2,650,44,606
129491,1,174,83,91
129491,4,174,83,91
129525,1,8861,4180,4681
129525,2,6248,3151,3097
129525,4,2613,1029,1584
129534,1,827,547,280
129534,2,263,152,111
129534,4,564,395,169
129543,1,6761,2479,4282
129543,2,6761,2479,4282
129695,1,8816,3900,4916
129695,2,8816,3900,4916
129729,1,8564,3580,4984
129729,2,8564,3580,4984
129756,1,3854,1574,2280
129756,2,3854,1574,2280
129774,1,736,421,315
129774,2,736,421,315
129808,1,5307,2109,3198
129808,2,5307,2109,3198
129923,1,786,336,450
129923,2,786,336,450
129932,1,968,892,76
129932,2,968,892,76
129941,1,7634,3688,3946
129941,2,5376,2499,2877
129941,4,2258,1189,1069
130004,1,7593,3334,4259
130004,2,7593,3334,4259
130040,1,1815,631,1184
130040,2,1815,631,1184
130110,1,102,28,74
130110,2,102,28,74
130174,1,3956,2255,1701
130174,2,3956,2255,1701
130183,1,17807,5768,12039
130183,2,16459,5300,11159
130183,4,1348,468,880
130217,1,1748,693,1055
130217,2,1748,693,1055
130226,1,11730,4337,7393
130226,2,8026,3129,4897
130226,4,3704,1208,2496
130253,1,10324,3254,7070
130253,2,6533,2292,4241
130253,4,3791,962,2829
130314,1,2907,474,2433
130314,2,1003,132,871
130314,4,1904,342,1562
130396,1,9740,3959,5781
130396,2,9740,3959,5781
130493,1,11492,4294,7198
130493,2,9124,3638,5486
130493,4,2368,656,1712
130509,1,766,43,723
130509,2,766,43,723
130590,1,2396,1182,1214
130590,2,2320,1147,1173
130590,4,76,35,41
130606,1,5777,2479,3298
130606,2,5777,2479,3298
130624,1,1059,920,139
130624,2,1059,920,139
130697,1,3524,1553,1971
130697,2,3261,1435,1826
130697,4,263,118,145
130776,1,6535,2944,3591
130776,2,5808,2758,3050
130776,4,727,186,541
130794,1,14389,6972,7417
130794,2,6748,3319,3429
130794,4,7641,3653,3988
130837,1,65,8,57
130837,2,65,8,57
130873,1,599,48,551
130873,2,599,48,551
130907,1,18762,6726,12036
130907,2,18762,6726,12036
130934,1,5003,1748,3255
130934,2,4569,1596,2973
130934,4,434,152,282
130943,1,25885,11390,14495
130943,2,21190,9093,12097
130943,4,4695,2297,2398
130989,1,1804,800,1004
130989,2,803,362,441
130989,4,1001,438,563
131061,1,192,18,174
131061,2,192,18,174
131098,1,1459,643,816
131098,2,1329,609,720
131098,4,130,34,96
131113,1,20268,6767,13501
131113,2,12413,4359,8054
131113,4,7855,2408,5447
131159,1,16079,6200,9879
131159,2,9034,3531,5503
131159,4,7045,2669,4376
131283,1,6358,2918,3440
131283,2,3410,1606,1804
131283,4,2948,1312,1636
131399,1,5421,2214,3207
131399,2,4959,2031,2928
131399,4,462,183,279
131405,1,131,104,27
131405,4,131,104,27
131450,1,1735,709,1026
131450,2,1228,563,665
131450,4,507,146,361
131469,1,31641,12592,19049
131469,2,13428,5212,8216
131469,4,18213,7380,10833
131496,1,22534,10317,12217
131496,2,8325,3707,4618
131496,4,14209,6610,7599
131520,1,9536,3159,6377
131520,2,6507,2053,4454
131520,4,3029,1106,1923
131803,1,1363,450,913
131803,2,1065,350,715
131803,4,298,100,198
131830,1,47,25,22
131830,2,47,25,22
131876,1,2011,138,1873
131876,2,1526,64,1462
131876,4,485,74,411
131973,1,688,343,345
131973,4,688,343,345
132374,1,4533,3666,867
132374,2,4533,3666,867
132408,1,529,280,249
132408,2,508,261,247
132408,4,21,19,2
132471,1,8509,2975,5534
132471,2,4005,1594,2411
132471,4,4504,1381,3123
132602,1,3962,1482,2480
132602,2,3795,1422,2373
132602,4,167,60,107
132657,1,3751,1823,1928
132657,2,2477,1277,1200
132657,4,1274,546,728
132675,1,289,163,126
132675,2,289,163,126
132693,1,20364,8215,12149
132693,2,20364,8215,12149
132709,1,59756,24225,35531
132709,2,59756,24225,35531
132842,1,1025,163,862
132842,2,200,43,157
132842,4,825,120,705
132851,1,9643,3647,5996
132851,2,9643,3647,5996
132879,1,216,132,84
132879,2,211,128,83
132879,4,5,4,1
132903,1,80378,35778,44600
132903,2,68412,30980,37432
132903,4,11966,4798,7168
132976,1,543,251,292
132976,2,543,251,292
133021,1,2636,1039,1597
133021,2,2636,1039,1597
133155,1,946,404,542
133155,2,946,404,542
133386,1,19532,7605,11927
133386,2,19532,7605,11927
133465,1,1107,185,922
133465,2,916,149,767
133465,4,191,36,155
133492,1,2078,704,1374
133492,2,2078,704,1374
133508,1,21995,8160,13835
133508,2,21995,8160,13835
133526,1,4754,2325,2429
133526,2,4754,2325,2429
133553,1,7156,5514,1642
133553,2,6387,4962,1425
133553,4,769,552,217
133650,1,11100,3969,7131
133650,2,8996,3192,5804
133650,4,2104,777,1327
133669,1,36970,15843,21127
133669,2,30624,13363,17261
133669,4,6346,2480,3866
133702,1,37699,14581,23118
133702,2,37699,14581,23118
133711,1,3239,1093,2146
133711,2,3225,1091,2134
133711,4,14,2,12
133809,1,526,251,275
133809,2,526,251,275
133845,1,1153,122,1031
133845,2,1153,122,1031
133854,1,914,181,733
133854,2,914,181,733
133863,1,792,80,712
133863,2,792,80,712
133872,1,2199,454,1745
133872,2,1674,330,1344
133872,4,525,124,401
133881,1,7311,4766,2545
133881,2,3954,2799,1155
133881,4,3357,1967,1390
133942,1,82,10,72
133942,2,82,10,72
133951,1,72780,30904,41876
133951,2,59764,25822,33942
133951,4,13016,5082,7934
133960,1,1384,609,775
133960,2,1384,609,775
133979,1,1445,563,882
133979,2,1366,548,818
133979,4,79,15,64
133997,1,701,292,409
133997,2,701,292,409
134024,1,165,38,127
134024,2,165,38,127
134079,1,3688,1238,2450
134079,2,3011,1069,1942
134079,4,677,169,508
134097,1,46825,20500,26325
134097,2,36720,16218,20502
134097,4,10105,4282,5823
134112,1,6045,1909,4136
134112,2,6045,1909,4136
134130,1,58749,25958,32791
134130,2,38645,17032,21613
134130,4,20104,8926,11178
134228,1,44,18,26
134228,2,44,18,26
134237,1,27834,19472,8362
134237,2,25521,18219,7302
134237,4,2313,1253,1060
134291,1,912,716,196
134291,2,912,716,196
134307,1,1419,1349,70
134307,2,1419,1349,70
134343,1,6995,2765,4230
134343,2,6995,2765,4230
134495,1,40744,16967,23777
134495,2,40744,16967,23777
134510,1,284,159,125
134510,2,284,159,125
134529,1,301,41,260
134529,2,301,41,260
134574,1,120,36,84
134574,2,120,36,84
134608,1,23553,9321,14232
134608,2,23553,9321,14232
134714,1,228,39,189
134714,2,228,39,189
134811,1,1793,655,1138
134811,2,1716,635,1081
134811,4,77,20,57
134945,1,5413,1831,3582
134945,2,3698,1350,2348
134945,4,1715,481,1234
135081,1,29035,8414,20621
135081,2,26400,7527,18873
135081,4,2635,887,1748
135142,1,453,5,448
135142,2,453,5,448
135160,1,4820,1723,3097
135160,2,4820,1723,3097
135179,1,1175,623,552
135179,2,1175,623,552
135188,1,6356,2384,3972
135188,2,6356,2384,3972
135267,1,1727,1259,468
135267,2,1727,1259,468
135276,1,1246,688,558
135276,2,1246,688,558
135294,1,1448,692,756
135294,2,1448,692,756
135337,1,152,7,145
135337,2,152,7,145
135364,1,1179,855,324
135364,2,364,248,116
135364,4,815,607,208
135391,1,14240,5409,8831
135391,2,14240,5409,8831
135407,1,1504,821,683
135407,2,1504,821,683
135522,1,631,317,314
135522,2,631,317,314
135559,1,110,19,91
135559,2,110,19,91
135610,1,277,105,172
135610,2,175,69,106
135610,4,102,36,66
135647,1,1686,1403,283
135647,2,1686,1403,283
135717,1,86968,37144,49824
135717,2,86968,37144,49824
135726,1,19618,9074,10544
135726,2,12351,5772,6579
135726,4,7267,3302,3965
135735,1,3252,2564,688
135735,2,3252,2564,688
136109,1,289,13,276
136109,2,289,13,276
136145,1,1776,594,1182
136145,2,1776,594,1182
136172,1,20094,8436,11658
136172,2,17135,7480,9655
136172,4,2959,956,2003
136215,1,23729,6768,16961
136215,2,5415,1499,3916
136215,4,18314,5269,13045
136233,1,7691,3128,4563
136233,2,7691,3128,4563
136303,1,1234,456,778
136303,2,1234,456,778
136330,1,4304,1533,2771
136330,2,3290,1231,2059
136330,4,1014,302,712
136358,1,44344,18318,26026
136358,2,44344,18318,26026
136400,1,14892,5781,9111
136400,2,14892,5781,9111
136473,1,13758,5135,8623
136473,2,13758,5135,8623
136491,1,1727,1151,576
136491,2,1727,1151,576
136516,1,15387,5536,9851
136516,2,15387,5536,9851
136659,1,700,379,321
136659,2,700,379,321
136701,1,147,142,5
136701,4,147,142,5
136765,1,664,346,318
136765,2,664,346,318
136774,1,1570,484,1086
136774,2,1570,484,1086
136826,1,1246,816,430
136826,2,1246,816,430
136950,1,3465,1411,2054
136950,2,2789,1133,1656
136950,4,676,278,398
137023,1,690,337,353
137023,2,690,337,353
137032,1,19600,8003,11597
137032,2,14681,6199,8482
137032,4,4919,1804,3115
137078,1,38528,14971,23557
137078,2,38528,14971,23557
137087,1,1955,1015,940
137087,2,1955,1015,940
137096,1,19711,8861,10850
137096,2,19711,8861,10850
137120,1,2245,1453,792
137120,2,2245,1453,792
137209,1,25267,10982,14285
137209,2,25267,10982,14285
137245,1,2636,1338,1298
137245,2,2636,1338,1298
137272,1,79,78,1
137272,2,60,59,1
137272,4,19,19,0
137281,1,9846,3716,6130
137281,2,9846,3716,6130
137315,1,3802,1446,2356
137315,2,3802,1446,2356
137351,1,51808,22819,28989
137351,2,37780,16898,20882
137351,4,14028,5921,8107
137476,1,5428,2178,3250
137476,2,3335,1407,1928
137476,4,2093,771,1322
137546,1,4604,1985,2619
137546,2,3276,1441,1835
137546,4,1328,544,784
137564,1,10672,4472,6200
137564,2,9215,3949,5266
137564,4,1457,523,934
137591,1,576,129,447
137591,2,576,129,447
137713,1,337,124,213
137713,2,337,124,213
137759,1,16760,7623,9137
137759,2,16760,7623,9137
137777,1,25,25,0
137777,2,23,23,0
137777,4,2,2,0
137801,1,444,243,201
137801,2,444,243,201
137847,1,10428,4331,6097
137847,2,9140,3802,5338
137847,4,1288,529,759
137856,1,268,160,108
137856,2,268,160,108
137865,1,595,314,281
137865,2,595,314,281
137953,1,456,254,202
137953,2,427,238,189
137953,4,29,16,13
137962,1,248,126,122
137962,2,248,126,122
138187,1,63755,26840,36915
138187,2,63755,26840,36915
138275,1,1270,648,622
138275,2,1011,545,466
138275,4,259,103,156
138284,1,627,314,313
138284,2,627,314,313
138293,1,751,526,225
138293,2,663,479,184
138293,4,88,47,41
138309,1,15238,2443,12795
138309,2,15212,2442,12770
138309,4,26,1,25
138354,1,16122,6375,9747
138354,2,11932,5117,6815
138354,4,4190,1258,2932
138372,1,1987,1190,797
138372,2,1987,1190,797
138479,1,1535,884,651
138479,2,1535,884,651
138488,1,2004,881,1123
138488,2,2004,881,1123
138497,1,495,318,177
138497,2,495,318,177
138558,1,5402,2226,3176
138558,2,5402,2226,3176
138600,1,1076,9,1067
138600,2,1028,6,1022
138600,4,48,3,45
138655,1,867,616,251
138655,2,867,616,251
138664,1,151,53,98
138664,2,151,53,98
138682,1,4583,1533,3050
138682,2,4583,1533,3050
138716,1,7576,2102,5474
138716,2,7116,1994,5122
138716,4,460,108,352
138761,1,343,135,208
138761,2,343,135,208
138813,1,1828,943,885
138813,2,1828,943,885
138822,1,728,37,691
138822,2,728,37,691
138840,1,5725,2010,3715
138840,2,5725,2010,3715
138868,1,2636,1126,1510
138868,2,2574,1097,1477
138868,4,62,29,33
138901,1,3277,1159,2118
138901,2,3277,1159,2118
138929,1,418,144,274
138929,4,418,144,274
138938,1,355,79,276
138938,2,355,79,276
138947,1,4202,1129,3073
138947,2,3551,915,2636
138947,4,651,214,437
138956,1,6341,2645,3696
138956,2,6341,2645,3696
139144,1,2240,869,1371
139144,2,2029,801,1228
139144,4,211,68,143
139153,1,591,301,290
139153,2,321,170,151
139153,4,270,131,139
139199,1,3672,491,3181
139199,2,2206,226,1980
139199,4,1466,265,1201
139205,1,1035,583,452
139205,2,1035,583,452
139214,1,275,13,262
139214,2,275,13,262
139250,1,4436,1459,2977
139250,2,4436,1459,2977
139278,1,10043,3481,6562
139278,2,10043,3481,6562
139311,1,8550,2550,6000
139311,2,7981,2400,5581
139311,4,569,150,419
139348,1,248,109,139
139348,4,248,109,139
139357,1,4826,1628,3198
139357,2,4826,1628,3198
139366,1,9926,3961,5965
139366,2,7917,3209,4708
139366,4,2009,752,1257
139384,1,7904,2879,5025
139384,2,7904,2879,5025
139393,1,1106,527,579
139393,2,1048,501,547
139393,4,58,26,32
139463,1,5931,2374,3557
139463,2,5931,2374,3557
139506,1,308,143,165
139506,2,308,143,165
139579,1,1546,453,1093
139579,2,615,194,421
139579,4,931,259,672
139621,1,3639,1473,2166
139621,2,3639,1473,2166
139630,1,992,506,486
139630,2,992,506,486
139658,1,16024,6431,9593
139658,2,8026,3158,4868
139658,4,7998,3273,4725
139700,1,7898,3005,4893
139700,2,7898,3005,4893
139719,1,3049,1167,1882
139719,2,2581,1038,1543
139719,4,468,129,339
139746,1,69,19,50
139746,2,69,19,50
139755,1,38951,27468,11483
139755,2,17400,10804,6596
139755,4,21551,16664,4887
139764,1,3646,1138,2508
139764,2,2955,1042,1913
139764,4,691,96,595
139861,1,8066,2934,5132
139861,2,6673,2492,4181
139861,4,1393,442,951
139931,1,30628,13262,17366
139931,2,26545,11989,14556
139931,4,4083,1273,2810
139940,1,40505,16283,24222
139940,2,32031,13057,18974
139940,4,8474,3226,5248
139959,1,42708,18234,24474
139959,2,32548,14154,18394
139959,4,10160,4080,6080
139968,1,4339,1403,2936
139968,2,4339,1403,2936
139986,1,7088,2131,4957
139986,2,7088,2131,4957
139995,1,286,117,169
139995,2,286,117,169
140003,1,477,92,385
140003,2,477,92,385
140012,1,12364,5036,7328
140012,2,12364,5036,7328
140146,1,343,205,138
140146,4,343,205,138
140234,1,1201,537,664
140234,2,961,458,503
140234,4,240,79,161
140243,1,5861,2469,3392
140243,2,5861,2469,3392
140252,1,3494,1612,1882
140252,2,1154,524,630
140252,4,2340,1088,1252
140331,1,15030,6137,8893
140331,2,15030,6137,8893
140340,1,1455,270,1185
140340,2,1333,229,1104
140340,4,122,41,81
140447,1,9767,3482,6285
140447,2,5194,1912,3282
140447,4,4573,1570,3003
140553,1,2441,2405,36
140553,2,2441,2405,36
140562,1,552,215,337
140562,4,552,215,337
140678,1,3668,1391,2277
140678,2,3668,1391,2277
140696,1,1698,617,1081
140696,2,1698,617,1081
140720,1,531,229,302
140720,2,531,229,302
140818,1,3357,832,2525
140818,2,1477,510,967
140818,4,1880,322,1558
140827,1,74,28,46
140827,2,74,28,46
140872,1,1755,910,845
140872,2,1657,856,801
140872,4,98,54,44
140942,1,5786,2328,3458
140942,2,5786,2328,3458
140951,1,16065,5288,10777
140951,2,12966,4208,8758
140951,4,3099,1080,2019
140960,1,4645,1807,2838
140960,2,4421,1742,2679
140960,4,224,65,159
140988,1,1787,724,1063
140988,2,1614,658,956
140988,4,173,66,107
141006,1,3070,1421,1649
141006,2,3070,1421,1649
141015,1,296,119,177
141015,2,296,119,177
141060,1,2206,0,2206
141060,2,2206,0,2206
141167,1,2395,601,1794
141167,2,1587,469,1118
141167,4,808,132,676
141185,1,2224,903,1321
141185,2,2224,903,1321
141237,1,3466,1567,1899
141237,2,3355,1502,1853
141237,4,111,65,46
141255,1,7082,2802,4280
141255,2,7082,2802,4280
141264,1,13397,4571,8826
141264,2,10089,3760,6329
141264,4,3308,811,2497
141325,1,959,85,874
141325,2,901,76,825
141325,4,58,9,49
141334,1,16353,5510,10843
141334,2,12827,4759,8068
141334,4,3526,751,2775
141361,1,1470,663,807
141361,2,1470,663,807
141486,1,2788,847,1941
141486,2,2021,621,1400
141486,4,767,226,541
141565,1,3983,1373,2610
141565,2,3327,1149,2178
141565,4,656,224,432
141574,1,20653,8686,11967
141574,2,15221,6495,8726
141574,4,5432,2191,3241
141608,1,108,69,39
141608,2,108,69,39
141644,1,4996,2132,2864
141644,2,4392,1864,2528
141644,4,604,268,336
141680,1,5089,2843,2246
141680,2,5089,2843,2246
141796,1,9819,3844,5975
141796,2,9819,3844,5975
141802,1,1869,605,1264
141802,2,1869,605,1264
141811,1,9951,3737,6214
141811,2,9951,3737,6214
141839,1,4092,1309,2783
141839,2,4092,1309,2783
141981,1,3981,1320,2661
141981,2,3981,1320,2661
141990,1,3865,1376,2489
141990,2,3865,1376,2489
142054,1,652,85,567
142054,2,652,85,567
142090,1,114,73,41
142090,2,114,73,41
142115,1,32552,13264,19288
142115,2,25803,11200,14603
142115,4,6749,2064,4685
142179,1,2038,724,1314
142179,2,2038,724,1314
142276,1,14970,6502,8468
142276,2,12619,5505,7114
142276,4,2351,997,1354
142285,1,13956,7084,6872
142285,2,11035,5518,5517
142285,4,2921,1566,1355
142294,1,1001,469,532
142294,2,971,467,504
142294,4,30,2,28
142328,1,4912,1733,3179
142328,2,4912,1733,3179
142407,1,103,2,101
142407,2,103,2,101
142416,1,16,1,15
142416,2,16,1,15
142443,1,7103,2747,4356
142443,2,7103,2747,4356
142461,1,7442,3071,4371
142461,2,6550,2791,3759
142461,4,892,280,612
142489,1,57,3,54
142489,2,57,3,54
142522,1,68597,29161,39436
142522,2,68597,29161,39436
142559,1,12628,4407,8221
142559,2,12628,4407,8221
142832,1,2064,376,1688
142832,4,2064,376,1688
142887,1,247,88,159
142887,2,247,88,159
142957,1,19,11,8
142957,2,10,6,4
142957,4,9,5,4
143048,1,3998,1040,2958
143048,2,3175,802,2373
143048,4,823,238,585
143084,1,2601,1128,1473
143084,2,2601,1128,1473
143118,1,7093,2132,4961
143118,2,4321,1512,2809
143118,4,2772,620,2152
143181,1,140,5,135
143181,2,140,5,135
143215,1,15299,7399,7900
143215,2,15299,7399,7900
143233,1,67,36,31
143233,4,67,36,31
143279,1,7598,3192,4406
143279,2,7598,3192,4406
143288,1,582,234,348
143288,2,582,234,348
143297,1,320,36,284
143297,2,295,34,261
143297,4,25,2,23
143303,1,18,1,17
143303,2,18,1,17
143358,1,6323,2703,3620
143358,2,4714,2335,2379
143358,4,1609,368,1241
143376,1,361,26,335
143376,2,361,26,335
143464,1,114,4,110
143464,2,114,4,110
143473,1,53,2,51
143473,2,53,2,51
143482,1,86,0,86
143482,2,86,0,86
143491,1,88,4,84
143491,2,88,4,84
143543,1,77,3,74
143543,2,77,3,74
143552,1,73,1,72
143552,2,73,1,72
143613,1,2928,1001,1927
143613,2,2928,1001,1927
143659,1,315,188,127
143659,4,315,188,127
143695,1,9,2,7
143695,2,9,2,7
143853,1,3139,1244,1895
143853,4,3139,1244,1895
143978,1,1402,311,1091
143978,4,1402,311,1091
144005,1,3593,1175,2418
144005,2,2487,778,1709
144005,4,1106,397,709
144014,1,270,122,148
144014,4,270,122,148
144050,1,19659,10758,8901
144050,2,7674,3884,3790
144050,4,11985,6874,5111
144157,1,4868,1922,2946
144157,2,4868,1922,2946
144166,1,10916,3141,7775
144166,2,10916,3141,7775
144175,1,4607,1812,2795
144175,2,4607,1812,2795
144184,1,12049,5088,6961
144184,2,12049,5088,6961
144193,1,11258,5067,6191
144193,2,11258,5067,6191
144209,1,12389,5234,7155
144209,2,12389,5234,7155
144218,1,15227,6596,8631
144218,2,15227,6596,8631
144281,1,7505,3172,4333
144281,2,7195,3062,4133
144281,4,310,110,200
144351,1,7519,2588,4931
144351,2,1557,638,919
144351,4,5962,1950,4012
144485,1,851,584,267
144485,2,851,584,267
144564,1,5931,2941,2990
144564,2,5931,2941,2990
144573,1,69,4,65
144573,2,69,4,65
144740,1,26721,12517,14204
144740,2,16625,7903,8722
144740,4,10096,4614,5482
144795,1,401,89,312
144795,2,401,89,312
144865,1,41901,19312,22589
144865,2,41901,19312,22589
144883,1,525,281,244
144883,2,525,281,244
144892,1,9526,3890,5636
144892,2,7537,3212,4325
144892,4,1989,678,1311
144944,1,14547,6714,7833
144944,2,14547,6714,7833
144962,1,3845,1478,2367
144962,2,3126,1228,1898
144962,4,719,250,469
144971,1,608,317,291
144971,2,608,317,291
145099,1,392,23,369
145099,2,392,23,369
145239,1,675,115,560
145239,2,675,115,560
145275,1,364,177,187
145275,4,364,177,187
145309,1,40,18,22
145309,2,40,18,22
145336,1,5954,2039,3915
145336,2,3946,1484,2462
145336,4,2008,555,1453
145354,1,42,2,40
145354,2,42,2,40
145372,1,1572,765,807
145372,2,1180,627,553
145372,4,392,138,254
145406,1,661,9,652
145406,2,661,9,652
145424,1,53,1,52
145424,2,53,1,52
145433,1,172,6,166
145433,2,172,6,166
145497,1,206,44,162
145497,2,206,44,162
145521,1,2832,1126,1706
145521,2,2832,1126,1706
145558,1,2222,970,1252
145558,4,2222,970,1252
145600,1,34529,15970,18559
145600,2,22460,10935,11525
145600,4,12069,5035,7034
145619,1,7116,2540,4576
145619,2,3302,1462,1840
145619,4,3814,1078,2736
145628,1,602,168,434
145628,4,602,168,434
145637,1,54985,29864,25121
145637,2,35883,19540,16343
145637,4,19102,10324,8778
145646,1,1712,817,895
145646,2,1712,817,895
145682,1,12478,5328,7150
145682,2,12478,5328,7150
145691,1,1013,500,513
145691,2,1013,500,513
145707,1,1786,642,1144
145707,2,1786,642,1144
145725,1,7466,4722,2744
145725,2,3368,2294,1074
145725,4,4098,2428,1670
145813,1,22907,9992,12915
145813,2,19609,8847,10762
145813,4,3298,1145,2153
145831,1,4549,1947,2602
145831,2,4549,1947,2602
145886,1,100,19,81
145886,4,100,19,81
146205,1,11890,5289,6601
146205,2,11890,5289,6601
146241,1,1104,477,627
146241,4,1104,477,627
146278,1,2935,1179,1756
146278,2,2935,1179,1756
146296,1,23030,10252,12778
146296,2,23030,10252,12778
146339,1,1563,543,1020
146339,2,1211,452,759
146339,4,352,91,261
146348,1,4913,1912,3001
146348,2,4913,1912,3001
146366,1,5492,2220,3272
146366,2,5492,2220,3272
146418,1,4736,2095,2641
146418,2,4736,2095,2641
146427,1,1359,589,770
146427,2,1359,589,770
146454,1,65,2,63
146454,2,65,2,63
146472,1,22809,10238,12571
146472,2,22809,10238,12571
146481,1,1657,701,956
146481,2,1611,690,921
146481,4,46,11,35
146490,1,598,281,317
146490,4,598,281,317
146506,1,17396,11930,5466
146506,2,17396,11930,5466
146533,1,212,38,174
146533,2,212,38,174
146603,1,8868,4024,4844
146603,2,8868,4024,4844
146612,1,7875,3473,4402
146612,2,5077,2566,2511
146612,4,2798,907,1891
146667,1,832,471,361
146667,2,456,229,227
146667,4,376,242,134
146676,1,1121,494,627
146676,2,1121,494,627
146685,1,10222,4210,6012
146685,2,10222,4210,6012
146700,1,1134,696,438
146700,2,1134,696,438
146719,1,19332,6574,12758
146719,2,13742,4688,9054
146719,4,5590,1886,3704
146728,1,185,91,94
146728,4,185,91,94
146755,1,280,31,249
146755,2,268,31,237
146755,4,12,0,12
146807,1,70,10,60
146807,2,70,10,60
146816,1,418,134,284
146816,2,418,134,284
146825,1,538,264,274
146825,2,538,264,274
146977,1,258,146,112
146977,4,258,146,112
147004,1,10941,5222,5719
147004,2,10941,5222,5719
147013,1,2899,1264,1635
147013,2,2199,1047,1152
147013,4,700,217,483
147031,1,106,25,81
147031,4,106,25,81
147129,1,885,97,788
147129,2,870,96,774
147129,4,15,1,14
147244,1,2227,937,1290
147244,2,2087,885,1202
147244,4,140,52,88
147341,1,931,467,464
147341,2,931,467,464
147369,1,3659,2097,1562
147369,2,2790,1519,1271
147369,4,869,578,291
147378,1,22597,11153,11444
147378,2,22597,11153,11444
147396,1,124,117,7
147396,2,124,117,7
147411,1,6951,2900,4051
147411,2,6951,2900,4051
147439,1,83,1,82
147439,2,83,1,82
147536,1,8921,2015,6906
147536,2,3956,1066,2890
147536,4,4965,949,4016
147590,1,808,339,469
147590,2,99,25,74
147590,4,709,314,395
147642,1,54,4,50
147642,2,54,4,50
147660,1,3118,1414,1704
147660,2,2835,1311,1524
147660,4,283,103,180
147679,1,3280,1241,2039
147679,2,2120,818,1302
147679,4,1160,423,737
147697,1,273,181,92
147697,4,273,181,92
147703,1,19437,9369,10068
147703,2,13922,6937,6985
147703,4,5515,2432,3083
147767,1,25614,12833,12781
147767,2,9906,4745,5161
147767,4,15708,8088,7620
147776,1,9993,4162,5831
147776,2,7584,3313,4271
147776,4,2409,849,1560
147800,1,17553,8530,9023
147800,2,17553,8530,9023
147819,1,66,1,65
147819,2,66,1,65
147828,1,5743,1880,3863
147828,2,3710,1470,2240
147828,4,2033,410,1623
147916,1,11367,5256,6111
147916,2,11367,5256,6111
148007,1,8087,3491,4596
148007,2,8087,3491,4596
148016,1,470,257,213
148016,2,470,257,213
148098,1,65,1,64
148098,2,65,1,64
148131,1,1470,668,802
148131,2,1171,572,599
148131,4,299,96,203
148256,1,4370,2164,2206
148256,2,4370,2164,2206
148292,1,4176,1644,2532
148292,2,4176,1644,2532
148335,1,2210,1177,1033
148335,2,1864,1007,857
148335,4,346,170,176
148380,1,9920,4457,5463
148380,2,9920,4457,5463
148405,1,1776,703,1073
148405,2,1283,547,736
148405,4,493,156,337
148487,1,5086,1669,3417
148487,2,2940,980,1960
148487,4,2146,689,1457
148496,1,3506,991,2515
148496,2,2263,715,1548
148496,4,1243,276,967
148511,1,3281,809,2472
148511,2,139,58,81
148511,4,3142,751,2391
148575,1,663,95,568
148575,2,438,61,377
148575,4,225,34,191
148584,1,6698,1557,5141
148584,2,1858,601,1257
148584,4,4840,956,3884
148593,1,140,17,123
148593,2,122,13,109
148593,4,18,4,14
148627,1,4195,1444,2751
148627,2,3247,1176,2071
148627,4,948,268,680
148654,1,5644,2874,2770
148654,2,3308,1704,1604
148654,4,2336,1170,1166
148672,1,2785,1137,1648
148672,2,2785,1137,1648
148821,1,3344,1169,2175
148821,2,3344,1169,2175
148876,1,1341,354,987
148876,2,1341,354,987
148885,1,233,224,9
148885,4,233,224,9
148937,1,3778,1669,2109
148937,2,3778,1669,2109
148955,1,28,1,27
148955,2,28,1,27
148982,1,151,61,90
148982,4,151,61,90
148991,1,2158,786,1372
148991,2,2158,786,1372
149028,1,379,49,330
149028,2,272,41,231
149028,4,107,8,99
149204,1,51,0,51
149204,2,51,0,51
149222,1,14404,7641,6763
149222,2,10626,5864,4762
149222,4,3778,1777,2001
149231,1,15518,6920,8598
149231,2,12387,5684,6703
149231,4,3131,1236,1895
149310,1,211,113,98
149310,2,211,113,98
149329,1,91,91,0
149329,2,78,78,0
149329,4,13,13,0
149365,1,8839,3588,5251
149365,2,8839,3588,5251
149499,1,21,0,21
149499,2,21,0,21
149505,1,1457,445,1012
149505,2,1375,437,938
149505,4,82,8,74
149514,1,2532,1635,897
149514,2,1009,549,460
149514,4,1523,1086,437
149532,1,17385,8035,9350
149532,2,17385,8035,9350
149550,1,232,33,199
149550,2,232,33,199
149639,1,1253,503,750
149639,2,121,67,54
149639,4,1132,436,696
149727,1,16110,7156,8954
149727,2,16110,7156,8954
149763,1,1169,198,971
149763,2,1043,178,865
149763,4,126,20,106
149772,1,9879,4623,5256
149772,2,7680,3725,3955
149772,4,2199,898,1301
149781,1,3279,1462,1817
149781,2,2498,1137,1361
149781,4,781,325,456
149842,1,23364,10392,12972
149842,2,23364,10392,12972
150048,1,496,188,308
150048,2,496,188,308
150066,1,1934,836,1098
150066,2,1568,633,935
150066,4,366,203,163
150136,1,24901,8599,16302
150136,2,17474,7065,10409
150136,4,7427,1534,5893
150145,1,1733,616,1117
150145,2,1451,514,937
150145,4,282,102,180
150163,1,5863,2311,3552
150163,2,4813,1948,2865
150163,4,1050,363,687
150172,1,872,454,418
150172,2,661,359,302
150172,4,211,95,116
150215,1,177,78,99
150215,4,177,78,99
150251,1,194,10,184
150251,2,194,10,184
150288,1,369,327,42
150288,4,369,327,42
150303,1,328,16,312
150303,2,328,16,312
150400,1,2175,1034,1141
150400,2,2175,1034,1141
150428,1,70,1,69
150428,2,70,1,69
150455,1,1152,517,635
150455,2,1086,493,593
150455,4,66,24,42
150534,1,2593,1054,1539
150534,2,2341,982,1359
150534,4,252,72,180
150604,1,1023,496,527
150604,2,983,483,500
150604,4,40,13,27
150668,1,1017,365,652
150668,2,926,345,581
150668,4,91,20,71
150677,1,2196,935,1261
150677,2,1676,663,1013
150677,4,520,272,248
150756,1,1114,503,611
150756,2,1114,503,611
150765,1,89,2,87
150765,2,89,2,87
150774,1,497,294,203
150774,2,497,294,203
150853,1,272,4,268
150853,2,272,4,268
150941,1,1573,608,965
150941,2,1245,529,716
150941,4,328,79,249
150987,1,163380,72436,90944
150987,2,163380,72436,90944
151102,1,12080,5519,6561
151102,2,11504,5246,6258
151102,4,576,273,303
151111,1,34279,14326,19953
151111,2,24439,10255,14184
151111,4,9840,4071,5769
151263,1,6850,2308,4542
151263,2,5073,1848,3225
151263,4,1777,460,1317
151290,1,2470,1494,976
151290,2,1585,1061,524
151290,4,885,433,452
151306,1,12785,4779,8006
151306,2,10729,4026,6703
151306,4,2056,753,1303
151324,1,15388,6631,8757
151324,2,12730,5636,7094
151324,4,2658,995,1663
151333,1,3786,1327,2459
151333,2,3486,1242,2244
151333,4,300,85,215
151342,1,6168,2245,3923
151342,2,5514,2047,3467
151342,4,654,198,456
151351,1,46423,23708,22715
151351,2,34843,17472,17371
151351,4,11580,6236,5344
151360,1,4940,1521,3419
151360,2,4383,1348,3035
151360,4,557,173,384
151379,1,6373,2569,3804
151379,2,5633,2272,3361
151379,4,740,297,443
151388,1,5755,2217,3538
151388,2,5254,2088,3166
151388,4,501,129,372
151458,1,200,28,172
151458,2,200,28,172
151467,1,392,68,324
151467,2,392,68,324
151564,1,44,2,42
151564,2,44,2,42
151607,1,155,5,150
151607,2,155,5,150
151652,1,362,9,353
151652,2,362,9,353
151661,1,1151,1072,79
151661,2,1151,1072,79
151777,1,1607,731,876
151777,2,1237,581,656
151777,4,370,150,220
151786,1,4528,1589,2939
151786,2,3239,1064,2175
151786,4,1289,525,764
151801,1,3321,1110,2211
151801,2,2921,1019,1902
151801,4,400,91,309
151810,1,412,115,297
151810,2,315,86,229
151810,4,97,29,68
151865,1,119,52,67
151865,4,119,52,67
151962,1,196,76,120
151962,2,196,76,120
152044,1,104,52,52
152044,2,104,52,52
152080,1,13221,7142,6079
152080,2,8803,4605,4198
152080,4,4418,2537,1881
152099,1,1885,850,1035
152099,2,1436,680,756
152099,4,449,170,279
152150,1,82,2,80
152150,2,82,2,80
152275,1,244,74,170
152275,2,244,74,170
152309,1,153,55,98
152309,2,153,55,98
152318,1,2243,1681,562
152318,2,2170,1624,546
152318,4,73,57,16
152336,1,2692,758,1934
152336,2,2011,557,1454
152336,4,681,201,480
152381,1,1221,139,1082
152381,2,857,109,748
152381,4,364,30,334
152390,1,1718,32,1686
152390,2,1582,20,1562
152390,4,136,12,124
152451,1,255,201,54
152451,4,255,201,54
152497,1,164,8,156
152497,2,164,8,156
152530,1,2550,1137,1413
152530,2,2520,1120,1400
152530,4,30,17,13
152567,1,4718,2529,2189
152567,2,4574,2473,2101
152567,4,144,56,88
152600,1,4205,1814,2391
152600,2,3464,1510,1954
152600,4,741,304,437
152628,1,48,2,46
152628,2,48,2,46
152637,1,20053,10854,9199
152637,2,20053,10854,9199
152673,1,887,887,0
152673,2,887,887,0
152798,1,844,87,757
152798,2,463,41,422
152798,4,381,46,335
152992,1,1379,563,816
152992,2,1066,461,605
152992,4,313,102,211
153001,1,2538,752,1786
153001,2,2097,685,1412
153001,4,441,67,374
153074,1,211,10,201
153074,2,211,10,201
153083,1,245,10,235
153083,2,245,10,235
153108,1,1323,628,695
153108,2,1323,628,695
153126,1,1106,416,690
153126,2,817,347,470
153126,4,289,69,220
153144,1,1477,657,820
153144,2,1477,657,820
153162,1,1143,590,553
153162,2,1143,590,553
153214,1,35938,16461,19477
153214,2,35938,16461,19477
153241,1,72,42,30
153241,2,72,42,30
153250,1,1802,924,878
153250,2,1609,832,777
153250,4,193,92,101
153269,1,5626,2116,3510
153269,2,3193,1346,1847
153269,4,2433,770,1663
153278,1,2695,1428,1267
153278,2,2178,1200,978
153278,4,517,228,289
153296,1,1006,502,504
153296,2,1006,502,504
153302,1,262,115,147
153302,2,262,115,147
153311,1,12770,5508,7262
153311,2,12770,5508,7262
153320,1,449,238,211
153320,2,354,156,198
153320,4,95,82,13
153339,1,29,3,26
153339,2,29,3,26
153366,1,2221,664,1557
153366,2,1259,533,726
153366,4,962,131,831
153375,1,2197,971,1226
153375,2,2034,919,1115
153375,4,163,52,111
153384,1,1770,817,953
153384,2,1770,817,953
153427,1,286,138,148
153427,2,286,138,148
153445,1,7028,3198,3830
153445,2,7028,3198,3830
153463,1,38,1,37
153463,2,38,1,37
153472,1,5006,2429,2577
153472,2,5006,2429,2577
153524,1,7450,3685,3765
153524,2,7450,3685,3765
153533,1,2953,1324,1629
153533,2,2953,1324,1629
153542,1,17,1,16
153542,2,17,1,16
153588,1,33,30,3
153588,2,33,30,3
153597,1,132,4,128
153597,2,132,4,128
153603,1,37944,21465,16479
153603,2,31555,18170,13385
153603,4,6389,3295,3094
153621,1,766,328,438
153621,2,744,323,421
153621,4,22,5,17
153630,1,9203,4417,4786
153630,2,9203,4417,4786
153658,1,35339,16559,18780
153658,2,26596,12339,14257
153658,4,8743,4220,4523
153737,1,19389,8992,10397
153737,2,19389,8992,10397
153746,1,38,1,37
153746,2,38,1,37
153764,1,89,5,84
153764,2,89,5,84
153773,1,80,2,78
153773,2,80,2,78
153782,1,38,2,36
153782,2,38,2,36
153825,1,1594,859,735
153825,2,1494,814,680
153825,4,100,45,55
153834,1,2108,904,1204
153834,2,2108,904,1204
153861,1,2179,1420,759
153861,2,532,183,349
153861,4,1647,1237,410
153922,1,2422,1023,1399
153922,2,2422,1023,1399
153977,1,934,119,815
153977,2,934,119,815
154004,1,3615,1067,2548
154004,2,1345,670,675
154004,4,2270,397,1873
154013,1,2218,693,1525
154013,2,1753,539,1214
154013,4,465,154,311
154022,1,80312,25331,54981
154022,2,67816,21929,45887
154022,4,12496,3402,9094
154059,1,3866,1634,2232
154059,2,3866,1634,2232
154095,1,13040,5056,7984
154095,2,10467,4330,6137
154095,4,2573,726,1847
154101,1,1585,545,1040
154101,2,1099,468,631
154101,4,486,77,409
154110,1,5972,2350,3622
154110,2,5972,2350,3622
154129,1,2796,1077,1719
154129,2,2796,1077,1719
154156,1,1696,828,868
154156,4,1696,828,868
154165,1,49,4,45
154165,2,49,4,45
154174,1,2674,1552,1122
154174,2,55,37,18
154174,4,2619,1515,1104
154208,1,211,13,198
154208,2,211,13,198
154235,1,3352,1373,1979
154235,2,2492,1113,1379
154235,4,860,260,600
154262,1,307,28,279
154262,2,307,28,279
154332,1,100,4,96
154332,2,100,4,96
154341,1,59,2,57
154341,2,59,2,57
154350,1,1668,773,895
154350,2,1559,734,825
154350,4,109,39,70
154378,1,3648,1474,2174
154378,2,3648,1474,2174
154396,1,2185,828,1357
154396,2,2185,828,1357
154448,1,198,7,191
154448,2,198,7,191
154457,1,63,3,60
154457,2,63,3,60
154466,1,76,8,68
154466,2,76,8,68
154493,1,8043,2918,5125
154493,2,6654,2500,4154
154493,4,1389,418,971
154518,1,4631,2895,1736
154518,2,3906,2423,1483
154518,4,725,472,253
154527,1,1569,730,839
154527,2,1569,730,839
154536,1,165,73,92
154536,4,165,73,92
154545,1,71,37,34
154545,2,71,37,34
154572,1,7607,3115,4492
154572,2,7607,3115,4492
154590,1,1483,808,675
154590,2,1410,770,640
154590,4,73,38,35
154642,1,3967,1492,2475
154642,2,3967,1492,2475
154688,1,3506,1366,2140
154688,2,2214,940,1274
154688,4,1292,426,866
154697,1,13325,7539,5786
154697,2,13325,7539,5786
154712,1,2216,1064,1152
154712,2,2130,1011,1119
154712,4,86,53,33
154721,1,928,511,417
154721,2,928,511,417
154749,1,566,256,310
154749,2,566,256,310
154800,1,12005,4924,7081
154800,2,12005,4924,7081
154855,1,968,411,557
154855,2,968,411,557
154907,1,2711,1117,1594
154907,2,2711,1117,1594
154925,1,2545,1333,1212
154925,2,2545,1333,1212
154934,1,2459,930,1529
154934,2,2459,930,1529
154952,1,4207,1640,2567
154952,2,4207,1640,2567
154998,1,2176,1017,1159
154998,2,2176,1017,1159
155007,1,661,214,447
155007,2,661,214,447
155025,1,7177,2421,4756
155025,2,3942,1479,2463
155025,4,3235,942,2293
155052,1,2135,1072,1063
155052,2,2135,1072,1063
155061,1,18343,7287,11056
155061,2,14705,6008,8697
155061,4,3638,1279,2359
155070,1,296,161,135
155070,2,251,130,121
155070,4,45,31,14
155089,1,3593,1211,2382
155089,2,1796,757,1039
155089,4,1797,454,1343
155098,1,2610,1313,1297
155098,2,2610,1313,1297
155104,1,2470,1104,1366
155104,2,2470,1104,1366
155140,1,818,342,476
155140,2,818,342,476
155159,1,99,5,94
155159,2,99,5,94
155177,1,471,190,281
155177,2,471,190,281
155186,1,4724,1936,2788
155186,2,4724,1936,2788
155195,1,8286,3686,4600
155195,2,8286,3686,4600
155201,1,1308,666,642
155201,2,1308,666,642
155210,1,28592,13336,15256
155210,2,28592,13336,15256
155283,1,1054,120,934
155283,2,1054,120,934
155292,1,8463,3490,4973
155292,2,8463,3490,4973
155308,1,195,127,68
155308,2,195,127,68
155317,1,31088,14691,16397
155317,2,21107,10235,10872
155317,4,9981,4456,5525
155335,1,4482,1589,2893
155335,2,3637,1365,2272
155335,4,845,224,621
155353,1,99,81,18
155353,2,99,81,18
155399,1,24546,12220,12326
155399,2,19196,10042,9154
155399,4,5350,2178,3172
155414,1,849,506,343
155414,2,751,458,293
155414,4,98,48,50
155423,1,2180,1241,939
155423,2,2180,1241,939
155450,1,3306,1134,2172
155450,2,3306,1134,2172
155487,1,1153,558,595
155487,2,1153,558,595
155496,1,249,153,96
155496,2,249,153,96
155511,1,881,552,329
155511,2,830,546,284
155511,4,51,6,45
155520,1,3819,1060,2759
155520,2,1617,610,1007
155520,4,2202,450,1752
155566,1,2722,1002,1720
155566,2,2722,1002,1720
155593,1,1219,721,498
155593,2,1219,721,498
155618,1,908,610,298
155618,2,908,610,298
155627,1,829,488,341
155627,2,744,440,304
155627,4,85,48,37
155636,1,806,280,526
155636,2,502,122,380
155636,4,304,158,146
155681,1,8009,3725,4284
155681,2,6034,3061,2973
155681,4,1975,664,1311
155715,1,1751,726,1025
155715,2,1751,726,1025
155812,1,1673,690,983
155812,2,821,420,401
155812,4,852,270,582
155830,1,1271,483,788
155830,2,1271,483,788
155858,1,2492,992,1500
155858,2,2492,992,1500
155900,1,2221,1391,830
155900,2,1933,1262,671
155900,4,288,129,159
155937,1,800,454,346
155937,2,790,448,342
155937,4,10,6,4
155973,1,790,434,356
155973,2,718,395,323
155973,4,72,39,33
156082,1,7534,2949,4585
156082,2,6589,2598,3991
156082,4,945,351,594
156107,1,8472,4423,4049
156107,2,8472,4423,4049
156125,1,17371,8078,9293
156125,2,14148,6626,7522
156125,4,3223,1452,1771
156134,1,1580,826,754
156134,2,1580,826,754
156189,1,625,293,332
156189,2,625,293,332
156213,1,2169,883,1286
156213,2,1835,737,1098
156213,4,334,146,188
156222,1,1973,1219,754
156222,4,1973,1219,754
156231,1,3438,1340,2098
156231,2,3438,1340,2098
156277,1,84,8,76
156277,2,84,8,76
156286,1,3807,1334,2473
156286,2,2778,991,1787
156286,4,1029,343,686
156295,1,1725,737,988
156295,2,1725,737,988
156310,1,431,9,422
156310,2,431,9,422
156338,1,5967,2477,3490
156338,2,5967,2477,3490
156356,1,1155,343,812
156356,2,1087,326,761
156356,4,68,17,51
156365,1,15881,9195,6686
156365,2,6010,2389,3621
156365,4,9871,6806,3065
156392,1,13345,5376,7969
156392,2,13345,5376,7969
156408,1,1444,707,737
156408,2,1444,707,737
156417,1,161,127,34
156417,2,161,127,34
156426,1,294,12,282
156426,2,294,12,282
156471,1,3290,323,2967
156471,2,3290,323,2967
156541,1,18495,9835,8660
156541,2,3949,1614,2335
156541,4,14546,8221,6325
156620,1,18481,7602,10879
156620,2,15262,6561,8701
156620,4,3219,1041,2178
156648,1,9209,4637,4572
156648,2,9209,4637,4572
156727,1,2981,187,2794
156727,4,2981,187,2794
156745,1,1858,652,1206
156745,2,1046,485,561
156745,4,812,167,645
156754,1,71,3,68
156754,2,71,3,68
156790,1,4693,2587,2106
156790,2,4693,2587,2106
156842,1,253,14,239
156842,2,253,14,239
156851,1,2023,649,1374
156851,2,2023,649,1374
156860,1,3745,1492,2253
156860,2,3745,1492,2253
156921,1,16465,7060,9405
156921,2,16465,7060,9405
156967,1,180,6,174
156967,2,180,6,174
157021,1,502,67,435
157021,2,502,67,435
157030,1,84,57,27
157030,2,84,57,27
157058,1,2655,1088,1567
157058,2,2509,1017,1492
157058,4,146,71,75
157076,1,919,458,461
157076,2,919,458,461
157085,1,30981,13711,17270
157085,2,23167,10347,12820
157085,4,7814,3364,4450
157100,1,728,395,333
157100,2,615,354,261
157100,4,113,41,72
157207,1,109,55,54
157207,4,109,55,54
157216,1,3071,1013,2058
157216,2,2203,843,1360
157216,4,868,170,698
157289,1,24770,11684,13086
157289,2,17664,8393,9271
157289,4,7106,3291,3815
157298,1,155,57,98
157298,4,155,57,98
157304,1,5588,3065,2523
157304,2,5588,3065,2523
157331,1,5332,2345,2987
157331,2,5332,2345,2987
157377,1,1546,421,1125
157377,2,1243,331,912
157377,4,303,90,213
157386,1,11462,4499,6963
157386,2,10306,4090,6216
157386,4,1156,409,747
157401,1,10714,4195,6519
157401,2,8861,3563,5298
157401,4,1853,632,1221
157438,1,5659,2737,2922
157438,2,5659,2737,2922
157447,1,17151,6753,10398
157447,2,13409,5620,7789
157447,4,3742,1133,2609
157483,1,8505,3887,4618
157483,2,8505,3887,4618
157535,1,2637,1282,1355
157535,2,1783,862,921
157535,4,854,420,434
157553,1,5204,2398,2806
157553,2,5204,2398,2806
157614,1,124,4,120
157614,2,124,4,120
157650,1,180,12,168
157650,2,180,12,168
157669,1,127,4,123
157669,2,127,4,123
157678,1,160,4,156
157678,2,160,4,156
157711,1,7779,3060,4719
157711,2,7779,3060,4719
157739,1,4829,2802,2027
157739,2,4829,2802,2027
157748,1,5157,4172,985
157748,2,1095,619,476
157748,4,4062,3553,509
157757,1,2136,558,1578
157757,2,1143,358,785
157757,4,993,200,793
157793,1,5295,2063,3232
157793,2,4170,1565,2605
157793,4,1125,498,627
157809,1,2922,1331,1591
157809,2,2592,1181,1411
157809,4,330,150,180
157818,1,1004,405,599
157818,2,1004,405,599
157827,1,67,6,61
157827,2,67,6,61
157863,1,1601,725,876
157863,2,1267,608,659
157863,4,334,117,217
157951,1,23228,9132,14096
157951,2,20024,8038,11986
157951,4,3204,1094,2110
158088,1,3571,2067,1504
158088,2,3571,2067,1504
158246,1,314,123,191
158246,2,314,123,191
158325,1,136,13,123
158325,2,136,13,123
158343,1,65,36,29
158343,2,65,36,29
158431,1,9237,3142,6095
158431,2,9237,3142,6095
158477,1,606,258,348
158477,2,563,243,320
158477,4,43,15,28
158538,1,59,6,53
158538,2,59,6,53
158617,1,663,294,369
158617,2,663,294,369
158644,1,116,0,116
158644,2,116,0,116
158662,1,20166,6554,13612
158662,2,20166,6554,13612
158778,1,114,3,111
158778,2,114,3,111
158787,1,104,3,101
158787,2,104,3,101
158802,1,1352,328,1024
158802,2,1352,328,1024
158884,1,3338,1174,2164
158884,2,3338,1174,2164
159009,1,5979,2271,3708
159009,2,4702,1921,2781
159009,4,1277,350,927
159027,1,116,0,116
159027,2,116,0,116
159197,1,1033,854,179
159197,2,1033,854,179
159328,1,139,6,133
159328,2,139,6,133
159373,1,3204,973,2231
159373,2,1086,145,941
159373,4,2118,828,1290
159382,1,3940,1192,2748
159382,2,3940,1192,2748
159391,1,33758,15700,18058
159391,2,26828,12711,14117
159391,4,6930,2989,3941
159407,1,3677,1049,2628
159407,2,3677,1049,2628
159416,1,9963,4223,5740
159416,2,3174,1263,1911
159416,4,6789,2960,3829
159513,1,213,6,207
159513,2,213,6,207
159522,1,264,14,250
159522,2,264,14,250
159531,1,52,0,52
159531,2,52,0,52
159568,1,1530,696,834
159568,2,1150,603,547
159568,4,380,93,287
159601,1,38,6,32
159601,2,38,6,32
159647,1,13345,6800,6545
159647,2,11741,6107,5634
159647,4,1604,693,911
159656,1,4913,1652,3261
159656,2,3365,1208,2157
159656,4,1548,444,1104
159717,1,8553,3373,5180
159717,2,7770,3144,4626
159717,4,783,229,554
159939,1,10089,4835,5254
159939,2,8203,4052,4151
159939,4,1886,783,1103
159948,1,3327,2567,760
159948,2,1009,824,185
159948,4,2318,1743,575
159966,1,7520,2650,4870
159966,2,6682,2428,4254
159966,4,838,222,616
159993,1,10030,3520,6510
159993,2,8243,3058,5185
159993,4,1787,462,1325
160010,1,1605,863,742
160010,2,1605,863,742
160038,1,13314,3782,9532
160038,2,11952,3529,8423
160038,4,1362,253,1109
160065,1,1460,265,1195
160065,2,1061,197,864
160065,4,399,68,331
160074,1,1643,323,1320
160074,2,1330,232,1098
160074,4,313,91,222
160117,1,199,7,192
160117,2,199,7,192
160126,1,47,3,44
160126,2,47,3,44
160199,1,81,2,79
160199,2,81,2,79
160320,1,4016,141,3875
160320,2,4016,141,3875
160409,1,144,144,0
160409,2,144,144,0
160445,1,140,3,137
160445,2,140,3,137
160472,1,86,3,83
160472,2,86,3,83
160481,1,3070,1037,2033
160481,2,3070,1037,2033
160524,1,596,129,467
160524,2,596,129,467
160579,1,4405,2198,2207
160579,2,4405,2198,2207
160597,1,139,47,92
160597,2,139,47,92
160612,1,17352,6401,10951
160612,2,16116,6078,10038
160612,4,1236,323,913
160621,1,7747,2747,5000
160621,2,6665,2419,4246
160621,4,1082,328,754
160630,1,3046,822,2224
160630,2,2502,701,1801
160630,4,544,121,423
160649,1,3992,1338,2654
160649,2,3992,1338,2654
160658,1,19221,8221,11000
160658,2,16560,7039,9521
160658,4,2661,1182,1479
160667,1,5946,2537,3409
160667,2,5946,2537,3409
160755,1,14768,6091,8677
160755,2,9125,3620,5505
160755,4,5643,2471,3172
160904,1,3490,899,2591
160904,2,2687,683,2004
160904,4,803,216,587
160959,1,387,98,289
160959,2,381,97,284
160959,4,6,1,5
160977,1,1964,984,980
160977,2,1964,984,980
160995,1,229,66,163
160995,2,229,66,163
161004,1,1969,964,1005
161004,2,1969,964,1005
161022,1,234,30,204
161022,2,234,30,204
161077,1,3746,1690,2056
161077,2,3746,1690,2056
161086,1,2150,1020,1130
161086,2,2150,1020,1130
161138,1,3145,1518,1627
161138,2,3145,1518,1627
161192,1,3341,1191,2150
161192,2,3341,1191,2150
161208,1,64,59,5
161208,2,64,59,5
161217,1,5515,1719,3796
161217,2,5515,1719,3796
161226,1,2461,740,1721
161226,2,1943,656,1287
161226,4,518,84,434
161235,1,2142,663,1479
161235,2,2142,663,1479
161244,1,959,296,663
161244,2,959,296,663
161253,1,13091,6392,6699
161253,2,10510,5529,4981
161253,4,2581,863,1718
161299,1,1007,845,162
161299,2,988,833,155
161299,4,19,12,7
161341,1,1916,730,1186
161341,2,1916,730,1186
161457,1,13439,3818,9621
161457,2,9108,2605,6503
161457,4,4331,1213,3118
161484,1,1108,473,635
161484,2,1108,473,635
161493,1,248,13,235
161493,2,248,13,235
161509,1,488,144,344
161509,2,404,119,285
161509,4,84,25,59
161518,1,3397,1158,2239
161518,2,2171,788,1383
161518,4,1226,370,856
161527,1,339,33,306
161527,2,339,33,306
161545,1,8847,4198,4649
161545,2,8847,4198,4649
161554,1,10606,4080,6526
161554,2,8159,3414,4745
161554,4,2447,666,1781
161563,1,1987,922,1065
161563,2,1796,850,946
161563,4,191,72,119
161572,1,967,439,528
161572,2,812,386,426
161572,4,155,53,102
161581,1,489,236,253
161581,2,489,236,253
161688,1,3172,1035,2137
161688,2,3172,1035,2137
161767,1,18692,7441,11251
161767,2,18692,7441,11251
161800,1,242,87,155
161800,2,242,87,155
161855,1,56,2,54
161855,2,56,2,54
161864,1,6609,2075,4534
161864,2,6609,2075,4534
161873,1,6045,2437,3608
161873,2,3192,1305,1887
161873,4,2853,1132,1721
162007,1,7069,2670,4399
162007,2,5883,2294,3589
162007,4,1186,376,810
162061,1,953,754,199
162061,2,476,392,84
162061,4,477,362,115
162104,1,3201,1160,2041
162104,2,3201,1160,2041
162122,1,9809,3889,5920
162122,2,9809,3889,5920
162168,1,2790,959,1831
162168,2,2790,959,1831
162210,1,1820,621,1199
162210,2,1628,561,1067
162210,4,192,60,132
162283,1,3139,700,2439
162283,2,2682,617,2065
162283,4,457,83,374
162335,1,80,6,74
162335,2,80,6,74
162371,1,655,633,22
162371,2,655,633,22
162557,1,8636,3718,4918
162557,2,8636,3718,4918
162584,1,6008,2750,3258
162584,2,5134,2435,2699
162584,4,874,315,559
162609,1,835,397,438
162609,2,835,397,438
162654,1,2895,838,2057
162654,2,1588,520,1068
162654,4,1307,318,989
162690,1,5749,2080,3669
162690,2,5749,2080,3669
162706,1,8123,3434,4689
162706,2,8123,3434,4689
162760,1,2291,821,1470
162760,2,1143,430,713
162760,4,1148,391,757
162779,1,14058,6076,7982
162779,2,14058,6076,7982
162830,1,120,2,118
162830,2,120,2,118
162928,1,33543,15626,17917
162928,2,8185,3691,4494
162928,4,25358,11935,13423
163028,1,1027,966,61
163028,2,1027,966,61
163046,1,6340,2314,4026
163046,2,3956,1654,2302
163046,4,2384,660,1724
163204,1,91385,49948,41437
163204,2,71905,40897,31008
163204,4,19480,9051,10429
163259,1,7573,1936,5637
163259,2,1144,155,989
163259,4,6429,1781,4648
163268,1,15726,8531,7195
163268,2,12758,7020,5738
163268,4,2968,1511,1457
163286,1,44486,23330,21156
163286,2,33022,17474,15548
163286,4,11464,5856,5608
163295,1,2589,669,1920
163295,2,2139,541,1598
163295,4,450,128,322
163338,1,3517,1529,1988
163338,2,2809,1261,1548
163338,4,708,268,440
163347,1,710,79,631
163347,2,710,79,631
163408,1,184,33,151
163408,2,184,33,151
163426,1,29960,13761,16199
163426,2,29960,13761,16199
163453,1,8443,3782,4661
163453,2,6981,3212,3769
163453,4,1462,570,892
163462,1,2660,1346,1314
163462,2,2025,992,1033
163462,4,635,354,281
163532,1,512,512,0
163532,2,319,319,0
163532,4,193,193,0
163541,1,773,431,342
163541,2,773,431,342
163578,1,3149,451,2698
163578,2,1045,43,1002
163578,4,2104,408,1696
163657,1,16981,6365,10616
163657,2,16981,6365,10616
163754,1,165,11,154
163754,2,165,11,154
163815,1,103,3,100
163815,2,103,3,100
163851,1,9407,3895,5512
163851,2,8309,3663,4646
163851,4,1098,232,866
163912,1,1705,716,989
163912,2,1675,709,966
163912,4,30,7,23
163976,1,597,321,276
163976,2,481,252,229
163976,4,116,69,47
164076,1,25754,10035,15719
164076,2,21975,9010,12965
164076,4,3779,1025,2754
164085,1,1493,138,1355
164085,4,1493,138,1355
164155,1,4512,3261,1251
164155,2,4512,3261,1251
164173,1,4244,1381,2863
164173,2,3450,1201,2249
164173,4,794,180,614
164216,1,1388,571,817
164216,2,1388,571,817
164270,1,3392,1142,2250
164270,2,1719,840,879
164270,4,1673,302,1371
164313,1,4052,1450,2602
164313,2,4052,1450,2602
164368,1,3161,1818,1343
164368,2,644,425,219
164368,4,2517,1393,1124
164447,1,3714,1011,2703
164447,2,1427,519,908
164447,4,2287,492,1795
164465,1,1946,966,980
164465,2,1946,966,980
164492,1,1637,852,785
164492,2,1209,592,617
164492,4,428,260,168
164535,1,51,6,45
164535,2,51,6,45
164562,1,2659,1054,1605
164562,2,2102,886,1216
164562,4,557,168,389
164580,1,4095,2218,1877
164580,2,2719,1395,1324
164580,4,1376,823,553
164599,1,54,12,42
164599,2,54,12,42
164614,1,83,41,42
164614,2,83,41,42
164632,1,4270,294,3976
164632,2,2140,7,2133
164632,4,2130,287,1843
164641,1,965,275,690
164641,2,965,275,690
164720,1,2160,826,1334
164720,2,2142,818,1324
164720,4,18,8,10
164739,1,5735,3210,2525
164739,2,4396,2619,1777
164739,4,1339,591,748
164748,1,8031,4842,3189
164748,2,7389,4503,2886
164748,4,642,339,303
164775,1,2243,826,1417
164775,2,2243,826,1417
164845,1,231,13,218
164845,2,231,13,218
164872,1,871,427,444
164872,2,478,226,252
164872,4,393,201,192
164915,1,162,57,105
164915,4,162,57,105
164924,1,15981,7342,8639
164924,2,10369,4897,5472
164924,4,5612,2445,3167
164988,1,42779,17796,24983
164988,2,23235,9454,13781
164988,4,19544,8342,11202
165015,1,6400,2642,3758
165015,2,3871,1525,2346
165015,4,2529,1117,1412
165024,1,13583,5292,8291
165024,2,11247,4710,6537
165024,4,2336,582,1754
165033,1,9979,3625,6354
165033,2,9979,3625,6354
165060,1,248,21,227
165060,2,248,21,227
165112,1,18239,7516,10723
165112,2,18239,7516,10723
165167,1,3230,730,2500
165167,2,1008,266,742
165167,4,2222,464,1758
165194,1,4501,1634,2867
165194,2,4501,1634,2867
165255,1,272,4,268
165255,2,272,4,268
165264,1,1342,122,1220
165264,2,1342,122,1220
165334,1,3473,1424,2049
165334,2,2447,950,1497
165334,4,1026,474,552
165495,1,14,2,12
165495,4,14,2,12
165529,1,3105,1266,1839
165529,2,2840,1162,1678
165529,4,265,104,161
165556,1,560,41,519
165556,2,560,41,519
165574,1,1632,799,833
165574,2,1632,799,833
165608,1,63,4,59
165608,2,63,4,59
165635,1,431,410,21
165635,2,431,410,21
165644,1,935,410,525
165644,2,688,323,365
165644,4,247,87,160
165662,1,5028,1849,3179
165662,2,4220,1650,2570
165662,4,808,199,609
165671,1,2398,584,1814
165671,2,2241,548,1693
165671,4,157,36,121
165699,1,6885,2163,4722
165699,2,3512,1325,2187
165699,4,3373,838,2535
165750,1,80,47,33
165750,2,80,47,33
165802,1,3273,643,2630
165802,2,3210,608,2602
165802,4,63,35,28
165820,1,11130,3693,7437
165820,2,4880,2290,2590
165820,4,6250,1403,4847
165866,1,8856,2937,5919
165866,2,5105,2177,2928
165866,4,3751,760,2991
165884,1,839,699,140
165884,2,839,699,140
165936,1,2397,800,1597
165936,2,1771,650,1121
165936,4,626,150,476
165945,1,2152,1453,699
165945,4,2152,1453,699
165981,1,2517,964,1553
165981,2,2517,964,1553
166018,1,1233,472,761
166018,2,1233,472,761
166027,1,41335,20527,20808
166027,2,13906,6871,7035
166027,4,27429,13656,13773
166045,1,193,65,128
166045,2,52,19,33
166045,4,141,46,95
166054,1,171,123,48
166054,2,76,44,32
166054,4,95,79,16
166124,1,3005,1451,1554
166124,2,3005,1451,1554
166133,1,6832,2486,4346
166133,2,6832,2486,4346
166391,1,2353,882,1471
166391,2,1732,639,1093
166391,4,621,243,378
166407,1,474,43,431
166407,2,474,43,431
166452,1,6593,1118,5475
166452,2,2707,590,2117
166452,4,3886,528,3358
166489,1,246,79,167
166489,2,37,16,21
166489,4,209,63,146
166498,1,124,7,117
166498,2,124,7,117
166513,1,22084,13080,9004
166513,2,16769,10157,6612
166513,4,5315,2923,2392
166629,1,35116,17456,17660
166629,2,26700,13279,13421
166629,4,8416,4177,4239
166638,1,19356,8232,11124
166638,2,15053,6904,8149
166638,4,4303,1328,2975
166647,1,6946,3142,3804
166647,2,6946,3142,3804
166656,1,8048,2314,5734
166656,2,4330,1220,3110
166656,4,3718,1094,2624
166674,1,2495,708,1787
166674,2,2293,633,1660
166674,4,202,75,127
166683,1,12321,7457,4864
166683,2,4698,2518,2180
166683,4,7623,4939,2684
166692,1,1932,1630,302
166692,2,1829,1554,275
166692,4,103,76,27
166708,1,1227,461,766
166708,4,1227,461,766
166717,1,865,184,681
166717,2,17,4,13
166717,4,848,180,668
166805,1,93,64,29
166805,2,93,64,29
166823,1,10162,4235,5927
166823,2,10162,4235,5927
166850,1,5426,2410,3016
166850,2,4179,2059,2120
166850,4,1247,351,896
166869,1,2406,424,1982
166869,2,1126,166,960
166869,4,1280,258,1022
166887,1,10957,4460,6497
166887,2,10957,4460,6497
166911,1,370,104,266
166911,2,370,104,266
166939,1,2610,34,2576
166939,2,2370,5,2365
166939,4,240,29,211
166957,1,5152,1801,3351
166957,2,5152,1801,3351
167039,1,27,0,27
167039,2,27,0,27
167057,1,876,470,406
167057,2,479,267,212
167057,4,397,203,194
167093,1,546,134,412
167093,4,546,134,412
167215,1,543,198,345
167215,4,543,198,345
167224,1,49,24,25
167224,2,49,24,25
167260,1,1923,1104,819
167260,2,1535,925,610
167260,4,388,179,209
167288,1,1929,694,1235
167288,2,1555,589,966
167288,4,374,105,269
167297,1,168,120,48
167297,2,168,120,48
167312,1,7979,2887,5092
167312,2,7979,2887,5092
167358,1,28374,14747,13627
167358,2,18753,9131,9622
167358,4,9621,5616,4005
167376,1,6846,2614,4232
167376,2,6846,2614,4232
167394,1,1860,491,1369
167394,2,1319,367,952
167394,4,541,124,417
167455,1,473,265,208
167455,2,414,233,181
167455,4,59,32,27
167464,1,62,62,0
167464,4,62,62,0
167525,1,6290,2339,3951
167525,2,6290,2339,3951
167534,1,9527,3941,5586
167534,2,9527,3941,5586
167598,1,3993,601,3392
167598,2,1928,323,1605
167598,4,2065,278,1787
167631,1,2964,933,2031
167631,2,2964,933,2031
167677,1,163,128,35
167677,2,27,27,0
167677,4,136,101,35
167729,1,10069,3572,6497
167729,2,8079,3108,4971
167729,4,1990,464,1526
167783,1,7780,720,7060
167783,2,1880,9,1871
167783,4,5900,711,5189
167792,1,428,173,255
167792,2,428,173,255
167835,1,3263,102,3161
167835,2,2609,2,2607
167835,4,654,100,554
167871,1,172,51,121
167871,2,172,51,121
167899,1,3297,1411,1886
167899,2,2187,1105,1082
167899,4,1110,306,804
167905,1,6799,2773,4026
167905,2,6799,2773,4026
167987,1,9714,4811,4903
167987,2,7740,3917,3823
167987,4,1974,894,1080
167996,1,2613,1059,1554
167996,2,2591,1050,1541
167996,4,22,9,13
168005,1,7976,3501,4475
168005,2,5586,2514,3072
168005,4,2390,987,1403
168032,1,46,1,45
168032,2,46,1,45
168148,1,12781,5570,7211
168148,2,6134,2909,3225
168148,4,6647,2661,3986
168218,1,2784,101,2683
168218,2,2784,101,2683
168227,1,5437,4273,1164
168227,2,5250,4146,1104
168227,4,187,127,60
168254,1,4048,2258,1790
168254,2,2821,1764,1057
168254,4,1227,494,733
168263,1,7421,3160,4261
168263,2,6187,2840,3347
168263,4,1234,320,914
168281,1,1785,703,1082
168281,2,1785,703,1082
168342,1,2291,1194,1097
168342,2,2237,1169,1068
168342,4,54,25,29
168421,1,7505,4901,2604
168421,2,4879,3054,1825
168421,4,2626,1847,779
168430,1,9691,3212,6479
168430,2,6484,2579,3905
168430,4,3207,633,2574
168528,1,1947,1013,934
168528,2,1867,977,890
168528,4,80,36,44
168546,1,1589,728,861
168546,2,1589,728,861
168555,1,25,0,25
168555,2,25,0,25
168573,1,1310,1269,41
168573,2,1310,1269,41
168591,1,1481,620,861
168591,2,1481,620,861
168607,1,2356,1180,1176
168607,2,2356,1180,1176
168740,1,4754,2531,2223
168740,2,2324,987,1337
168740,4,2430,1544,886
168786,1,1903,744,1159
168786,2,1685,689,996
168786,4,218,55,163
168847,1,11733,3560,8173
168847,2,11267,3403,7864
168847,4,466,157,309
168883,1,2474,896,1578
168883,2,2474,896,1578
168892,1,175,9,166
168892,2,175,9,166
169080,1,4121,1846,2275
169080,2,3793,1770,2023
169080,4,328,76,252
169099,1,369,276,93
169099,4,369,276,93
169187,1,189,43,146
169187,2,189,43,146
169220,1,242,51,191
169220,4,242,51,191
169248,1,24917,10370,14547
169248,2,17975,7521,10454
169248,4,6942,2849,4093
169275,1,10176,4032,6144
169275,2,10176,4032,6144
169284,1,386,25,361
169284,2,386,25,361
169327,1,735,378,357
169327,2,568,295,273
169327,4,167,83,84
169363,1,1380,565,815
169363,2,1073,480,593
169363,4,307,85,222
169424,1,130,47,83
169424,4,130,47,83
169442,1,1568,670,898
169442,2,1500,632,868
169442,4,68,38,30
169479,1,8579,3721,4858
169479,2,6763,2939,3824
169479,4,1816,782,1034
169503,1,389,7,382
169503,2,389,7,382
169521,1,10809,4580,6229
169521,2,10809,4580,6229
169576,1,85,9,76
169576,2,85,9,76
169628,1,821,371,450
169628,4,821,371,450
169655,1,1443,1361,82
169655,2,1443,1361,82
169716,1,5661,2339,3322
169716,2,3205,1219,1986
169716,4,2456,1120,1336
169734,1,1001,106,895
169734,2,1001,106,895
169761,1,246,9,237
169761,2,246,9,237
169798,1,22327,8622,13705
169798,2,18388,7298,11090
169798,4,3939,1324,2615
169813,1,76,1,75
169813,2,76,1,75
169910,1,15739,7143,8596
169910,2,14170,6561,7609
169910,4,1569,582,987
169947,1,58,47,11
169947,2,58,47,11
169974,1,1610,717,893
169974,2,1610,717,893
169983,1,2734,2172,562
169983,2,2085,1681,404
169983,4,649,491,158
169992,1,1195,496,699
169992,2,1195,496,699
170000,1,1418,601,817
170000,2,1349,566,783
170000,4,69,35,34
170037,1,2764,1090,1674
170037,2,2006,757,1249
170037,4,758,333,425
170055,1,19391,9013,10378
170055,2,19391,9013,10378
170082,1,27752,10964,16788
170082,2,23713,9754,13959
170082,4,4039,1210,2829
170091,1,163,90,73
170091,2,163,90,73
170240,1,17664,7980,9684
170240,2,17664,7980,9684
170286,1,1710,899,811
170286,2,1657,857,800
170286,4,53,42,11
170301,1,3280,1262,2018
170301,2,3280,1262,2018
170444,1,6947,3172,3775
170444,2,6947,3172,3775
170532,1,1485,637,848
170532,2,1485,637,848
170541,1,11591,5477,6114
170541,2,11591,5477,6114
170550,1,7182,2989,4193
170550,2,7182,2989,4193
170587,1,1914,728,1186
170587,2,1914,728,1186
170611,1,132,2,130
170611,2,132,2,130
170620,1,3963,1622,2341
170620,2,3963,1622,2341
170639,1,2335,1094,1241
170639,2,2335,1094,1241
170657,1,16382,7496,8886
170657,2,16382,7496,8886
170675,1,3256,2360,896
170675,2,2341,1722,619
170675,4,915,638,277
170736,1,32,3,29
170736,2,32,3,29
170790,1,28017,12957,15060
170790,2,28017,12957,15060
170806,1,3817,1225,2592
170806,2,2936,1020,1916
170806,4,881,205,676
170842,1,658,135,523
170842,4,658,135,523
170967,1,1295,478,817
170967,2,1248,441,807
170967,4,47,37,10
170976,1,48218,24509,23709
170976,2,31206,15741,15465
170976,4,17012,8768,8244
171012,1,247,186,61
171012,2,247,186,61
171100,1,55332,26560,28772
171100,2,42492,20964,21528
171100,4,12840,5596,7244
171128,1,7657,5462,2195
171128,2,6081,4379,1702
171128,4,1576,1083,493
171137,1,10906,6137,4769
171137,2,8010,4255,3755
171137,4,2896,1882,1014
171146,1,8806,3295,5511
171146,2,7045,2690,4355
171146,4,1761,605,1156
171155,1,4963,2047,2916
171155,2,4963,2047,2916
171225,1,3778,1560,2218
171225,2,3778,1560,2218
171234,1,2113,812,1301
171234,2,2113,812,1301
171304,1,5674,2355,3319
171304,2,5674,2355,3319
171395,1,3391,1357,2034
171395,2,3391,1357,2034
171456,1,9092,4144,4948
171456,2,8314,3890,4424
171456,4,778,254,524
171483,1,3774,1862,1912
171483,2,3774,1862,1912
171492,1,4080,2325,1755
171492,2,3546,2052,1494
171492,4,534,273,261
171535,1,25217,11722,13495
171535,2,25217,11722,13495
171571,1,22398,9759,12639
171571,2,18200,7934,10266
171571,4,4198,1825,2373
171599,1,1247,700,547
171599,2,1171,666,505
171599,4,76,34,42
171775,1,72,2,70
171775,2,72,2,70
171881,1,173,67,106
171881,2,170,66,104
171881,4,3,1,2
171988,1,180,8,172
171988,2,180,8,172
171997,1,288,19,269
171997,2,288,19,269
172015,1,274,19,255
172015,2,274,19,255
172033,1,580,361,219
172033,2,351,183,168
172033,4,229,178,51
172051,1,9491,3615,5876
172051,2,8462,3382,5080
172051,4,1029,233,796
172200,1,16388,7156,9232
172200,2,16388,7156,9232
172264,1,2985,1239,1746
172264,2,2690,1141,1549
172264,4,295,98,197
172291,1,4585,1712,2873
172291,2,4585,1712,2873
172307,1,2583,1027,1556
172307,2,2583,1027,1556
172325,1,673,438,235
172325,2,673,438,235
172334,1,4213,988,3225
172334,2,1968,627,1341
172334,4,2245,361,1884
172422,1,537,412,125
172422,2,537,412,125
172440,1,508,246,262
172440,2,508,246,262
172477,1,1671,681,990
172477,4,1671,681,990
172495,1,335,9,326
172495,2,335,9,326
172608,1,2861,1417,1444
172608,2,1157,572,585
172608,4,1704,845,859
172617,1,21182,10884,10298
172617,2,21182,10884,10298
172635,1,20391,7588,12803
172635,2,20391,7588,12803
172644,1,31759,13618,18141
172644,2,20384,8829,11555
172644,4,11375,4789,6586
172671,1,1450,541,909
172671,2,1450,541,909
172680,1,181,4,177
172680,2,181,4,177
172699,1,25010,12155,12855
172699,2,19216,9853,9363
172699,4,5794,2302,3492
172705,1,397,247,150
172705,4,397,247,150
172802,1,90,2,88
172802,2,90,2,88
172866,1,145,125,20
172866,2,145,125,20
172918,1,3811,1890,1921
172918,2,3811,1890,1921
172927,1,63,27,36
172927,2,63,27,36
172954,1,2503,1073,1430
172954,2,2503,1073,1430
172963,1,11550,4446,7104
172963,2,11550,4446,7104
173045,1,3920,1595,2325
173045,2,2594,1180,1414
173045,4,1326,415,911
173063,1,4609,2030,2579
173063,2,4609,2030,2579
173115,1,1890,512,1378
173115,2,1890,512,1378
173124,1,6354,2636,3718
173124,2,5752,2431,3321
173124,4,602,205,397
173142,1,821,382,439
173142,2,821,382,439
173160,1,4639,1738,2901
173160,2,2941,1097,1844
173160,4,1698,641,1057
173203,1,5331,2244,3087
173203,2,5331,2244,3087
173258,1,2129,1053,1076
173258,2,2129,1053,1076
173300,1,2188,892,1296
173300,2,2143,887,1256
173300,4,45,5,40
173328,1,6586,2373,4213
173328,2,3877,1548,2329
173328,4,2709,825,1884
173416,1,3490,1998,1492
173416,2,3490,1998,1492
173452,1,1509,712,797
173452,2,1374,614,760
173452,4,135,98,37
173461,1,7645,3549,4096
173461,2,7645,3549,4096
173470,1,40,0,40
173470,2,40,0,40
173559,1,7871,3153,4718
173559,2,7871,3153,4718
173638,1,4782,2167,2615
173638,2,4782,2167,2615
173647,1,2254,938,1316
173647,2,2254,938,1316
173665,1,4802,1548,3254
173665,2,2248,851,1397
173665,4,2554,697,1857
173683,1,244,71,173
173683,4,244,71,173
173708,1,7008,4338,2670
173708,2,7008,4338,2670
173735,1,1468,638,830
173735,2,1468,638,830
173744,1,639,41,598
173744,2,639,41,598
173799,1,6369,2495,3874
173799,2,6369,2495,3874
173805,1,1681,744,937
173805,2,1681,744,937
173896,1,574,241,333
173896,4,574,241,333
173902,1,2232,899,1333
173902,2,2232,899,1333
173911,1,4475,2335,2140
173911,2,4475,2335,2140
173920,1,17357,7544,9813
173920,2,14800,6768,8032
173920,4,2557,776,1781
173957,1,1249,488,761
173957,2,337,84,253
173957,4,912,404,508
173993,1,1744,907,837
173993,2,1744,907,837
174020,1,10575,4404,6171
174020,2,9462,3936,5526
174020,4,1113,468,645
174066,1,61787,27934,33853
174066,2,43828,19897,23931
174066,4,17959,8037,9922
174075,1,3312,1474,1838
174075,2,3312,1474,1838
174118,1,184,72,112
174118,2,184,72,112
174127,1,909,277,632
174127,2,786,245,541
174127,4,123,32,91
174136,1,10032,4341,5691
174136,2,10032,4341,5691
174154,1,717,83,634
174154,2,714,83,631
174154,4,3,0,3
174190,1,257,7,250
174190,2,257,7,250
174233,1,11868,6124,5744
174233,2,10727,5601,5126
174233,4,1141,523,618
174251,1,1658,711,947
174251,2,1658,711,947
174321,1,145,1,144
174321,2,145,1,144
174358,1,7534,2786,4748
174358,2,5989,2332,3657
174358,4,1545,454,1091
174376,1,9400,3841,5559
174376,2,9400,3841,5559
174428,1,14765,6367,8398
174428,2,14765,6367,8398
174437,1,1186,540,646
174437,2,1133,505,628
174437,4,53,35,18
174473,1,4668,1892,2776
174473,2,4668,1892,2776
174491,1,4149,1591,2558
174491,2,3920,1462,2458
174491,4,229,129,100
174507,1,1173,515,658
174507,2,398,132,266
174507,4,775,383,392
174525,1,116,65,51
174525,2,116,65,51
174570,1,2617,1147,1470
174570,2,2617,1147,1470
174604,1,446,164,282
174604,2,446,164,282
174738,1,6984,2665,4319
174738,2,6984,2665,4319
174747,1,1813,0,1813
174747,2,1813,0,1813
174756,1,5608,2464,3144
174756,2,5608,2464,3144
174783,1,16326,7386,8940
174783,2,13967,6414,7553
174783,4,2359,972,1387
174792,1,1856,1775,81
174792,2,1693,1693,0
174792,4,163,82,81
174817,1,7590,2577,5013
174817,2,1665,721,944
174817,4,5925,1856,4069
174844,1,3119,1337,1782
174844,2,3119,1337,1782
174862,1,1760,804,956
174862,2,1296,589,707
174862,4,464,215,249
174899,1,5058,1356,3702
174899,2,2959,829,2130
174899,4,2099,527,1572
174914,1,11201,5679,5522
174914,2,6798,3617,3181
174914,4,4403,2062,2341
174978,1,223,6,217
174978,2,223,6,217
175005,1,5758,393,5365
175005,2,3973,201,3772
175005,4,1785,192,1593
175014,1,7519,1206,6313
175014,2,7474,1199,6275
175014,4,45,7,38
175041,1,9993,4374,5619
175041,2,9993,4374,5619
175078,1,8718,3507,5211
175078,2,8077,3321,4756
175078,4,641,186,455
175120,1,873,531,342
175120,2,873,531,342
175139,1,122,57,65
175139,4,122,57,65
175157,1,900,525,375
175157,2,900,525,375
175227,1,1510,1256,254
175227,2,1510,1256,254
175236,1,4492,1983,2509
175236,2,4492,1983,2509
175263,1,2644,1180,1464
175263,2,2644,1180,1464
175272,1,8856,3124,5732
175272,2,8137,2954,5183
175272,4,719,170,549
175281,1,1214,584,630
175281,4,1214,584,630
175315,1,12468,5454,7014
175315,2,12468,5454,7014
175342,1,4072,1418,2654
175342,2,3508,1253,2255
175342,4,564,165,399
175421,1,5647,1710,3937
175421,2,2843,970,1873
175421,4,2804,740,2064
175430,1,735,332,403
175430,2,719,330,389
175430,4,16,2,14
175494,1,162,43,119
175494,2,162,43,119
175519,1,2529,1034,1495
175519,2,2529,1034,1495
175528,1,453,29,424
175528,2,453,29,424
175573,1,3949,1453,2496
175573,2,3949,1453,2496
175607,1,30,3,27
175607,2,30,3,27
175616,1,5768,2112,3656
175616,2,3756,1542,2214
175616,4,2012,570,1442
175643,1,3192,1225,1967
175643,2,3192,1225,1967
175652,1,6066,2626,3440
175652,2,6066,2626,3440
175698,1,36,23,13
175698,2,36,23,13
175722,1,55,2,53
175722,2,55,2,53
175786,1,16579,6540,10039
175786,2,16579,6540,10039
175810,1,8352,2813,5539
175810,2,8352,2813,5539
175829,1,6750,2681,4069
175829,2,6750,2681,4069
175856,1,8606,2864,5742
175856,2,6260,2279,3981
175856,4,2346,585,1761
175883,1,6085,2336,3749
175883,2,6085,2336,3749
175935,1,4602,1386,3216
175935,2,4602,1386,3216
175980,1,986,484,502
175980,2,890,417,473
175980,4,96,67,29
176008,1,3631,1358,2273
176008,2,3631,1358,2273
176017,1,25133,10867,14266
176017,2,20114,8771,11343
176017,4,5019,2096,2923
176035,1,3223,636,2587
176035,2,2959,600,2359
176035,4,264,36,228
176044,1,2663,1055,1608
176044,2,2256,916,1340
176044,4,407,139,268
176053,1,6068,2163,3905
176053,2,3640,1346,2294
176053,4,2428,817,1611
176062,1,86,1,85
176062,2,86,1,85
176071,1,12236,4855,7381
176071,2,12236,4855,7381
176080,1,24251,12190,12061
176080,2,19952,10084,9868
176080,4,4299,2106,2193
176169,1,4337,1698,2639
176169,2,4337,1698,2639
176178,1,10746,4101,6645
176178,2,10746,4101,6645
176239,1,6405,2416,3989
176239,2,6405,2416,3989
176318,1,919,388,531
176318,2,919,388,531
176336,1,85,60,25
176336,2,85,60,25
176354,1,2553,932,1621
176354,2,2553,932,1621
176372,1,16921,6231,10690
176372,2,13747,5139,8608
176372,4,3174,1092,2082
176390,1,243,7,236
176390,2,243,7,236
176406,1,805,265,540
176406,2,792,265,527
176406,4,13,0,13
176433,1,30,0,30
176433,2,30,0,30
176451,1,153,103,50
176451,4,153,103,50
176479,1,6551,2335,4216
176479,2,4090,1613,2477
176479,4,2461,722,1739
176600,1,169,86,83
176600,4,169,86,83
176628,1,2057,725,1332
176628,2,1494,573,921
176628,4,563,152,411
176664,1,267,139,128
176664,2,248,122,126
176664,4,19,17,2
176716,1,242,7,235
176716,2,242,7,235
176770,1,1179,146,1033
176770,2,934,115,819
176770,4,245,31,214
176789,1,483,239,244
176789,2,388,176,212
176789,4,95,63,32
176798,1,337,97,240
176798,2,337,97,240
176910,1,241,132,109
176910,2,241,132,109
176947,1,1193,562,631
176947,2,1193,562,631
176965,1,15993,6739,9254
176965,2,12375,5503,6872
176965,4,3618,1236,2382
176983,1,88,71,17
176983,2,88,71,17
177038,1,770,405,365
177038,2,176,74,102
177038,4,594,331,263
177065,1,17390,7751,9639
177065,2,16514,7439,9075
177065,4,876,312,564
177083,1,66,66,0
177083,2,66,66,0
177092,1,584,561,23
177092,4,584,561,23
177117,1,277,0,277
177117,2,277,0,277
177126,1,679,430,249
177126,4,679,430,249
177135,1,6021,2447,3574
177135,2,6021,2447,3574
177144,1,1168,583,585
177144,2,1100,559,541
177144,4,68,24,44
177214,1,1964,779,1185
177214,2,1577,677,900
177214,4,387,102,285
177250,1,3570,1399,2171
177250,2,3570,1399,2171
177278,1,145,66,79
177278,4,145,66,79
177287,1,207,4,203
177287,2,207,4,203
177302,1,447,189,258
177302,2,447,189,258
177339,1,2308,1068,1240
177339,2,1735,773,962
177339,4,573,295,278
177418,1,1538,525,1013
177418,2,1043,402,641
177418,4,495,123,372
177436,1,68,8,60
177436,2,68,8,60
177472,1,16751,6705,10046
177472,2,16751,6705,10046
177542,1,975,381,594
177542,2,870,353,517
177542,4,105,28,77
177551,1,1984,659,1325
177551,2,1984,659,1325
177588,1,42,2,40
177588,2,42,2,40
177603,1,68,4,64
177603,2,68,4,64
177676,1,5539,2078,3461
177676,2,5539,2078,3461
177685,1,167,7,160
177685,2,167,7,160
177719,1,1035,121,914
177719,2,935,98,837
177719,4,100,23,77
177746,1,689,203,486
177746,2,689,203,486
177816,1,146,146,0
177816,2,55,55,0
177816,4,91,91,0
177834,1,4307,1754,2553
177834,4,4307,1754,2553
177870,1,16,15,1
177870,2,16,15,1
177931,1,59,5,54
177931,2,59,5,54
177940,1,3114,1346,1768
177940,2,2940,1267,1673
177940,4,174,79,95
177968,1,12862,4830,8032
177968,2,7374,3394,3980
177968,4,5488,1436,4052
177977,1,1659,1303,356
177977,2,1659,1303,356
177986,1,2027,875,1152
177986,2,309,115,194
177986,4,1718,760,958
177995,1,22969,9374,13595
177995,2,22969,9374,13595
178004,1,218,31,187
178004,2,218,31,187
178059,1,12138,3231,8907
178059,2,4649,1534,3115
178059,4,7489,1697,5792
178077,1,94,3,91
178077,2,94,3,91
178110,1,91,6,85
178110,2,91,6,85
178183,1,336,27,309
178183,2,336,27,309
178208,1,3917,3292,625
178208,2,1034,805,229
178208,4,2883,2487,396
178217,1,3606,1362,2244
178217,2,3606,1362,2244
178244,1,5888,2127,3761
178244,2,4697,1811,2886
178244,4,1191,316,875
178341,1,6699,2614,4085
178341,2,6517,2566,3951
178341,4,182,48,134
178369,1,2029,1073,956
178369,2,2008,1071,937
178369,4,21,2,19
178387,1,6163,2462,3701
178387,2,5884,2349,3535
178387,4,279,113,166
178396,1,33333,15285,18048
178396,2,24572,11725,12847
178396,4,8761,3560,5201
178402,1,19166,8192,10974
178402,2,13235,5654,7581
178402,4,5931,2538,3393
178411,1,9265,7041,2224
178411,2,7040,5341,1699
178411,4,2225,1700,525
178420,1,20378,8400,11978
178420,2,16579,7181,9398
178420,4,3799,1219,2580
178448,1,7450,2909,4541
178448,2,7450,2909,4541
178466,1,91,9,82
178466,2,91,9,82
178518,1,249,159,90
178518,4,249,159,90
178527,1,52,1,51
178527,2,52,1,51
178615,1,6344,2533,3811
178615,2,5831,2401,3430
178615,4,513,132,381
178624,1,8027,3378,4649
178624,2,6165,2643,3522
178624,4,1862,735,1127
178679,1,648,333,315
178679,2,648,333,315
178697,1,1845,812,1033
178697,2,1845,812,1033
178721,1,16172,8951,7221
178721,2,13780,7938,5842
178721,4,2392,1013,1379
178767,1,160,25,135
178767,2,160,25,135
178828,1,23,5,18
178828,2,23,5,18
178891,1,2097,1937,160
178891,2,2097,1937,160
178989,1,647,99,548
178989,2,462,65,397
178989,4,185,34,151
179043,1,3580,1444,2136
179043,2,2459,953,1506
179043,4,1121,491,630
179052,1,109,45,64
179052,2,109,45,64
179159,1,16248,6438,9810
179159,2,11095,4406,6689
179159,4,5153,2032,3121
179195,1,65,3,62
179195,2,65,3,62
179229,1,40,12,28
179229,2,40,12,28
179256,1,113,61,52
179256,2,113,61,52
179265,1,1212,471,741
179265,2,393,147,246
179265,4,819,324,495
179308,1,27771,10891,16880
179308,2,27771,10891,16880
179317,1,100,44,56
179317,4,100,44,56
179326,1,3803,1372,2431
179326,2,2907,1050,1857
179326,4,896,322,574
179344,1,2388,848,1540
179344,2,2388,848,1540
179450,1,934,101,833
179450,2,751,71,680
179450,4,183,30,153
179511,1,443,17,426
179511,2,443,17,426
179539,1,5943,2230,3713
179539,2,5943,2230,3713
179548,1,784,44,740
179548,2,575,3,572
179548,4,209,41,168
179557,1,12645,5087,7558
179557,2,11087,4593,6494
179557,4,1558,494,1064
179566,1,27138,11191,15947
179566,2,22530,9437,13093
179566,4,4608,1754,2854
179645,1,4025,1284,2741
179645,2,4025,1284,2741
179715,1,2623,748,1875
179715,2,2623,748,1875
179812,1,1237,747,490
179812,4,1237,747,490
179867,1,17794,8238,9556
179867,2,8774,3981,4793
179867,4,9020,4257,4763
179894,1,14581,6402,8179
179894,2,3522,1547,1975
179894,4,11059,4855,6204
179946,1,739,413,326
179946,2,739,413,326
179955,1,868,384,484
179955,2,863,384,479
179955,4,5,0,5
179964,1,2888,1007,1881
179964,2,1057,298,759
179964,4,1831,709,1122
179991,1,44,1,43
179991,2,44,1,43
180054,1,496,158,338
180054,2,496,158,338
180063,1,45,0,45
180063,2,45,0,45
180081,1,1000,498,502
180081,2,1000,498,502
180090,1,131,4,127
180090,2,131,4,127
180106,1,1390,570,820
180106,2,1371,563,808
180106,4,19,7,12
180151,1,839,388,451
180151,2,839,388,451
180160,1,416,166,250
180160,2,416,166,250
180179,1,5749,2009,3740
180179,2,5277,1912,3365
180179,4,472,97,375
180197,1,3615,1568,2047
180197,2,3615,1568,2047
180203,1,265,117,148
180203,2,265,117,148
180212,1,523,208,315
180212,2,523,208,315
180249,1,2235,653,1582
180249,2,2235,653,1582
180258,1,1365,426,939
180258,2,1084,353,731
180258,4,281,73,208
180276,1,1896,833,1063
180276,2,1896,833,1063
180328,1,495,188,307
180328,2,495,188,307
180373,1,942,289,653
180373,2,942,289,653
180416,1,2090,1324,766
180416,2,1746,1111,635
180416,4,344,213,131
180461,1,18898,9929,8969
180461,2,16419,8812,7607
180461,4,2479,1117,1362
180489,1,13140,5596,7544
180489,2,9883,4415,5468
180489,4,3257,1181,2076
180522,1,1436,739,697
180522,2,1368,719,649
180522,4,68,20,48
180595,1,1059,528,531
180595,2,929,478,451
180595,4,130,50,80
180647,1,961,338,623
180647,2,961,338,623
180692,1,1791,630,1161
180692,2,1791,630,1161
180771,1,19,3,16
180771,2,19,3,16
180814,1,12588,5624,6964
180814,2,8674,3974,4700
180814,4,3914,1650,2264
180832,1,1424,214,1210
180832,2,747,112,635
180832,4,677,102,575
180878,1,1029,125,904
180878,2,882,95,787
180878,4,147,30,117
180902,1,9241,3627,5614
180902,2,9241,3627,5614
180948,1,3152,1243,1909
180948,2,2365,950,1415
180948,4,787,293,494
180957,1,158,81,77
180957,2,158,81,77
180984,1,2888,1160,1728
180984,2,2114,954,1160
180984,4,774,206,568
181002,1,10549,4512,6037
181002,2,4885,2068,2817
181002,4,5664,2444,3220
181020,1,3416,1241,2175
181020,2,1612,783,829
181020,4,1804,458,1346
181127,1,1133,571,562
181127,2,1074,537,537
181127,4,59,34,25
181145,1,22,5,17
181145,2,22,5,17
181190,1,220,13,207
181190,2,220,13,207
181215,1,7859,2986,4873
181215,2,5148,2129,3019
181215,4,2711,857,1854
181297,1,1429,160,1269
181297,2,980,106,874
181297,4,449,54,395
181303,1,24321,11026,13295
181303,2,24321,11026,13295
181312,1,3095,1168,1927
181312,2,3095,1168,1927
181330,1,2060,971,1089
181330,2,1844,877,967
181330,4,216,94,122
181376,1,145,82,63
181376,2,145,82,63
181394,1,18182,8151,10031
181394,2,14201,6688,7513
181394,4,3981,1463,2518
181419,1,338,109,229
181419,2,338,109,229
181428,1,4246,1473,2773
181428,2,1046,138,908
181428,4,3200,1335,1865
181446,1,4068,1553,2515
181446,2,3755,1464,2291
181446,4,313,89,224
181464,1,28686,14862,13824
181464,2,22433,11894,10539
181464,4,6253,2968,3285
181491,1,6294,3139,3155
181491,2,6294,3139,3155
181534,1,2920,1119,1801
181534,2,2427,983,1444
181534,4,493,136,357
181543,1,31,23,8
181543,2,31,23,8
181604,1,1395,36,1359
181604,2,1019,11,1008
181604,4,376,25,351
181640,1,14457,6642,7815
181640,2,14457,6642,7815
181738,1,981,385,596
181738,2,887,363,524
181738,4,94,22,72
181765,1,428,181,247
181765,2,428,181,247
181783,1,4523,1851,2672
181783,2,3426,1475,1951
181783,4,1097,376,721
181817,1,2312,880,1432
181817,2,2312,880,1432
181853,1,468,238,230
181853,2,420,224,196
181853,4,48,14,34
181880,1,359,16,343
181880,2,359,16,343
181941,1,588,366,222
181941,2,588,366,222
182005,1,50491,22672,27819
182005,2,50491,22672,27819
182111,1,797,429,368
182111,2,797,429,368
182148,1,169,24,145
182148,2,169,24,145
182281,1,35512,15146,20366
182281,2,29098,12679,16419
182281,4,6414,2467,3947
182290,1,24246,11138,13108
182290,2,20010,9436,10574
182290,4,4236,1702,2534
182306,1,4862,1664,3198
182306,2,4862,1664,3198
182458,1,1199,447,752
182458,2,449,233,216
182458,4,750,214,536
182500,1,15740,7382,8358
182500,2,15740,7382,8358
182564,1,4438,1914,2524
182564,2,4438,1914,2524
182634,1,864,267,597
182634,2,864,267,597
182652,1,49,3,46
182652,2,49,3,46
182670,1,7114,3648,3466
182670,2,4822,2440,2382
182670,4,2292,1208,1084
182704,1,107,3,104
182704,2,107,3,104
182722,1,230,29,201
182722,2,230,29,201
182795,1,2522,1084,1438
182795,2,1817,818,999
182795,4,705,266,439
182829,1,336,166,170
182829,4,336,166,170
182892,1,60,0,60
182892,2,60,0,60
182917,1,84,39,45
182917,2,84,39,45
182953,1,166,9,157
182953,2,166,9,157
182980,1,4545,2268,2277
182980,2,2561,1013,1548
182980,4,1984,1255,729
182999,1,41,0,41
182999,2,41,0,41
183026,1,153883,54747,99136
183026,2,119733,43103,76630
183026,4,34150,11644,22506
183035,1,28,5,23
183035,2,28,5,23
183044,1,16673,7430,9243
183044,2,13538,6197,7341
183044,4,3135,1233,1902
183062,1,3896,1769,2127
183062,2,3757,1721,2036
183062,4,139,48,91
183071,1,1452,713,739
183071,2,1121,545,576
183071,4,331,168,163
183080,1,5868,2680,3188
183080,2,4514,2284,2230
183080,4,1354,396,958
183099,1,5983,2644,3339
183099,2,5983,2644,3339
183105,1,1396,497,899
183105,2,1396,497,899
183114,1,1827,638,1189
183114,2,1827,638,1189
183123,1,2002,1039,963
183123,2,2002,1039,963
183132,1,5851,2650,3201
183132,2,5851,2650,3201
183141,1,3499,1601,1898
183141,2,3499,1601,1898
183150,1,3553,1558,1995
183150,2,3553,1558,1995
183202,1,75,2,73
183202,2,75,2,73
183211,1,2791,589,2202
183211,2,1667,371,1296
183211,4,1124,218,906
183239,1,2034,802,1232
183239,2,2034,802,1232
183248,1,219,34,185
183248,2,219,34,185
183257,1,3082,951,2131
183257,2,2624,812,1812
183257,4,458,139,319
183275,1,90,38,52
183275,2,90,38,52
183488,1,670,80,590
183488,2,670,80,590
183600,1,56,9,47
183600,2,56,9,47
183655,1,7744,3062,4682
183655,2,7744,3062,4682
183725,1,797,318,479
183725,2,797,318,479
183743,1,18482,9028,9454
183743,2,18482,9028,9454
183789,1,4841,1303,3538
183789,2,4611,1233,3378
183789,4,230,70,160
183804,1,7742,7742,0
183804,2,3169,3169,0
183804,4,4573,4573,0
183822,1,1815,674,1141
183822,2,1785,670,1115
183822,4,30,4,26
183859,1,17100,8057,9043
183859,2,17100,8057,9043
183877,1,14518,6075,8443
183877,2,14518,6075,8443
183910,1,2466,760,1706
183910,2,1790,612,1178
183910,4,676,148,528
183938,1,16520,6624,9896
183938,2,16520,6624,9896
183974,1,2180,735,1445
183974,2,1443,525,918
183974,4,737,210,527
183983,1,147,135,12
183983,2,147,135,12
184047,1,37,7,30
184047,2,37,7,30
184056,1,721,181,540
184056,2,721,181,540
184092,1,1033,82,951
184092,2,1033,82,951
184180,1,10805,5905,4900
184180,2,10805,5905,4900
184205,1,4149,1429,2720
184205,2,4149,1429,2720
184278,1,48,47,1
184278,2,48,47,1
184348,1,2564,1119,1445
184348,2,1848,801,1047
184348,4,716,318,398
184427,1,491,467,24
184427,2,491,467,24
184481,1,10496,4460,6036
184481,2,10496,4460,6036
184506,1,176,15,161
184506,2,176,15,161
184603,1,9424,3840,5584
184603,2,6824,2944,3880
184603,4,2600,896,1704
184612,1,2412,651,1761
184612,2,1926,541,1385
184612,4,486,110,376
184694,1,3730,1542,2188
184694,2,2835,1217,1618
184694,4,895,325,570
184746,1,225,214,11
184746,2,225,214,11
184773,1,2850,776,2074
184773,2,1983,594,1389
184773,4,867,182,685
184782,1,23011,11787,11224
184782,2,18659,10088,8571
184782,4,4352,1699,2653
184791,1,10275,4374,5901
184791,2,10275,4374,5901
184816,1,119,10,109
184816,2,119,10,109
184870,1,364,51,313
184870,2,364,51,313
184959,1,1090,205,885
184959,2,1090,205,885
184968,1,189,29,160
184968,2,189,29,160
184995,1,11749,4755,6994
184995,2,11749,4755,6994
185129,1,9565,3631,5934
185129,2,7218,2963,4255
185129,4,2347,668,1679
185174,1,86,66,20
185174,2,86,66,20
185262,1,16738,6167,10571
185262,2,13797,5519,8278
185262,4,2941,648,2293
185332,1,495,50,445
185332,2,495,50,445
185396,1,1973,1898,75
185396,2,1973,1898,75
185466,1,453,5,448
185466,2,453,5,448
185509,1,10751,5065,5686
185509,2,10751,5065,5686
185536,1,16328,7709,8619
185536,2,16328,7709,8619
185572,1,6704,2508,4196
185572,2,4847,2072,2775
185572,4,1857,436,1421
185590,1,24235,9019,15216
185590,2,19009,7515,11494
185590,4,5226,1504,3722
185679,1,799,134,665
185679,2,799,134,665
185721,1,766,270,496
185721,2,766,270,496
185758,1,148,67,81
185758,4,148,67,81
185767,1,502,82,420
185767,2,502,82,420
185828,1,13236,9623,3613
185828,2,9769,7191,2578
185828,4,3467,2432,1035
185873,1,14516,6504,8012
185873,2,14516,6504,8012
185970,1,226,15,211
185970,2,226,15,211
186016,1,748,48,700
186016,2,748,48,700
186034,1,10499,4088,6411
186034,2,10499,4088,6411
186052,1,909,788,121
186052,2,909,788,121
186122,1,446,253,193
186122,4,446,253,193
186131,1,8720,4774,3946
186131,2,5535,2849,2686
186131,4,3185,1925,1260
186186,1,361,361,0
186186,2,352,352,0
186186,4,9,9,0
186201,1,6982,2991,3991
186201,2,6256,2813,3443
186201,4,726,178,548
186274,1,340,56,284
186274,2,340,56,284
186283,1,5422,2202,3220
186283,2,4194,1777,2417
186283,4,1228,425,803
186371,1,8154,3292,4862
186371,2,6528,2534,3994
186371,4,1626,758,868
186380,1,57162,26118,31044
186380,2,40836,20033,20803
186380,4,16326,6085,10241
186399,1,15897,7452,8445
186399,2,10928,4848,6080
186399,4,4969,2604,2365
186405,1,18,3,15
186405,2,18,3,15
186423,1,87,13,74
186423,2,87,13,74
186432,1,3998,1442,2556
186432,2,2906,1055,1851
186432,4,1092,387,705
186469,1,1567,500,1067
186469,2,1567,500,1067
186584,1,11539,5087,6452
186584,2,6397,2973,3424
186584,4,5142,2114,3028
186593,1,203,37,166
186593,2,203,37,166
186618,1,1345,292,1053
186618,2,874,205,669
186618,4,471,87,384
186645,1,11138,5605,5533
186645,2,11138,5605,5533
186867,1,7990,5725,2265
186867,2,3462,2453,1009
186867,4,4528,3272,1256
186876,1,11457,4577,6880
186876,2,10192,4246,5946
186876,4,1265,331,934
186900,1,90,90,0
186900,2,90,90,0
187000,1,383,369,14
187000,2,383,369,14
187046,1,15275,8853,6422
187046,2,14338,8507,5831
187046,4,937,346,591
187134,1,8825,3605,5220
187134,2,7418,3203,4215
187134,4,1407,402,1005
187198,1,13018,4939,8079
187198,2,13018,4939,8079
187444,1,12113,5093,7020
187444,2,10178,4561,5617
187444,4,1935,532,1403
187505,1,1297,154,1143
187505,2,1297,154,1143
187532,1,34540,14432,20108
187532,2,34540,14432,20108
187596,1,2369,988,1381
187596,2,2360,987,1373
187596,4,9,1,8
187620,1,10521,4511,6010
187620,2,10521,4511,6010
187639,1,4928,1471,3457
187639,2,4928,1471,3457
187648,1,7520,2976,4544
187648,2,5726,2509,3217
187648,4,1794,467,1327
187666,1,3269,1472,1797
187666,2,3269,1472,1797
187745,1,873,365,508
187745,2,827,348,479
187745,4,46,17,29
187897,1,3673,1250,2423
187897,2,2197,802,1395
187897,4,1476,448,1028
187903,1,3171,1033,2138
187903,2,3171,1033,2138
187912,1,443,360,83
187912,2,443,360,83
187958,1,2912,1064,1848
187958,2,2912,1064,1848
187967,1,2099,1361,738
187967,2,1482,1030,452
187967,4,617,331,286
187976,1,1907,808,1099
187976,2,1907,808,1099
187985,1,28080,12236,15844
187985,2,20473,8877,11596
187985,4,7607,3359,4248
187994,1,3025,1129,1896
187994,2,3025,1129,1896
188003,1,3144,1156,1988
188003,2,3144,1156,1988
188021,1,1639,549,1090
188021,2,1639,549,1090
188030,1,16143,7188,8955
188030,2,12885,5806,7079
188030,4,3258,1382,1876
188049,1,3609,1345,2264
188049,2,3609,1345,2264
188058,1,1125,427,698
188058,2,1125,427,698
188100,1,9717,3338,6379
188100,2,9717,3338,6379
188137,1,6466,2577,3889
188137,2,6466,2577,3889
188182,1,1159,427,732
188182,2,485,257,228
188182,4,674,170,504
188207,1,202,25,177
188207,4,202,25,177
188216,1,522,224,298
188216,2,522,224,298
188225,1,1726,643,1083
188225,2,1726,643,1083
188261,1,1801,1277,524
188261,2,1801,1277,524
188289,1,101,9,92
188289,2,101,9,92
188304,1,4138,1339,2799
188304,2,2865,1024,1841
188304,4,1273,315,958
188340,1,1881,1656,225
188340,2,1870,1650,220
188340,4,11,6,5
188429,1,9191,2835,6356
188429,2,5937,1911,4026
188429,4,3254,924,2330
188438,1,4771,2103,2668
188438,2,4771,2103,2668
188517,1,562,166,396
188517,2,562,166,396
188526,1,1374,536,838
188526,2,876,351,525
188526,4,498,185,313
188535,1,516,249,267
188535,4,516,249,267
188580,1,884,383,501
188580,4,884,383,501
188641,1,3502,1653,1849
188641,2,2325,1355,970
188641,4,1177,298,879
188650,1,544,47,497
188650,2,544,47,497
188669,1,93,18,75
188669,2,93,18,75
188678,1,334,133,201
188678,2,334,133,201
188687,1,586,218,368
188687,2,586,218,368
188696,1,175,21,154
188696,2,175,21,154
188854,1,1913,589,1324
188854,2,1913,589,1324
188890,1,2194,2139,55
188890,2,2194,2139,55
188915,1,69,5,64
188915,2,69,5,64
188942,1,202,0,202
188942,2,202,0,202
189015,1,810,109,701
189015,4,810,109,701
189088,1,2542,1094,1448
189088,2,2096,907,1189
189088,4,446,187,259
189097,1,2723,0,2723
189097,2,2723,0,2723
189219,1,321,307,14
189219,2,321,307,14
189228,1,5465,1986,3479
189228,2,5465,1986,3479
189255,1,155,0,155
189255,2,155,0,155
189273,1,74,74,0
189273,2,74,74,0
189282,1,297,51,246
189282,2,297,51,246
189404,1,194,5,189
189404,2,194,5,189
189413,1,1028,207,821
189413,2,907,180,727
189413,4,121,27,94
189468,1,346,12,334
189468,2,346,12,334
189477,1,242,6,236
189477,2,242,6,236
189501,1,1126,502,624
189501,4,1126,502,624
189547,1,8984,3936,5048
189547,2,8984,3936,5048
189565,1,906,274,632
189565,2,906,274,632
189583,1,1939,570,1369
189583,2,1939,570,1369
189592,1,648,135,513
189592,2,648,135,513
189705,1,3694,1776,1918
189705,2,2380,1231,1149
189705,4,1314,545,769
189714,1,494,8,486
189714,2,494,8,486
189811,1,798,211,587
189811,2,798,211,587
189839,1,7079,2673,4406
189839,2,7079,2673,4406
189848,1,1159,318,841
189848,2,1159,318,841
189857,1,556,556,0
189857,2,462,462,0
189857,4,94,94,0
189981,1,71,57,14
189981,4,71,57,14
189990,1,931,23,908
189990,2,931,23,908
190008,1,49,16,33
190008,2,49,16,33
190044,1,4715,3064,1651
190044,2,3156,2166,990
190044,4,1559,898,661
190053,1,1621,700,921
190053,2,1621,700,921
190071,1,133,13,120
190071,2,133,13,120
190080,1,88,48,40
190080,4,88,48,40
190099,1,3110,1372,1738
190099,2,3096,1365,1731
190099,4,14,7,7
190114,1,1549,462,1087
190114,2,1044,317,727
190114,4,505,145,360
190150,1,33301,15881,17420
190150,2,8628,4600,4028
190150,4,24673,11281,13392
190169,1,2069,752,1317
190169,2,2069,752,1317
190239,1,264,9,255
190239,2,264,9,255
190248,1,2180,406,1774
190248,2,1459,296,1163
190248,4,721,110,611
190318,1,627,45,582
190318,2,627,45,582
190372,1,1000,628,372
190372,2,893,540,353
190372,4,107,88,19
190415,1,24189,11998,12191
190415,2,15464,7280,8184
190415,4,8725,4718,4007
190424,1,1346,604,742
190424,4,1346,604,742
190442,1,4940,2140,2800
190442,2,4940,2140,2800
190451,1,296,53,243
190451,2,296,53,243
190503,1,3739,1891,1848
190503,2,3705,1877,1828
190503,4,34,14,20
190512,1,22091,11272,10819
190512,2,18470,9682,8788
190512,4,3621,1590,2031
190521,1,35180,14670,20510
190521,2,35180,14670,20510
190530,1,14373,6210,8163
190530,2,14373,6210,8163
190549,1,21856,8897,12959
190549,2,17956,7557,10399
190549,4,3900,1340,2560
190558,1,15858,6960,8898
190558,2,14651,6616,8035
190558,4,1207,344,863
190567,1,18675,8545,10130
190567,2,15238,7255,7983
190567,4,3437,1290,2147
190576,1,9887,3440,6447
190576,2,3363,959,2404
190576,4,6524,2481,4043
190585,1,9726,3198,6528
190585,2,9726,3198,6528
190594,1,28082,8979,19103
190594,2,20712,7215,13497
190594,4,7370,1764,5606
190600,1,19194,8381,10813
190600,2,16573,7150,9423
190600,4,2621,1231,1390
190619,1,19889,8717,11172
190619,2,19889,8717,11172
190628,1,24997,10511,14486
190628,2,24997,10511,14486
190637,1,19565,6309,13256
190637,2,16872,5510,11362
190637,4,2693,799,1894
190646,1,8641,2685,5956
190646,2,8641,2685,5956
190655,1,20745,11299,9446
190655,2,20745,11299,9446
190664,1,24148,10383,13765
190664,2,20505,9288,11217
190664,4,3643,1095,2548
190673,1,19921,9288,10633
190673,2,19921,9288,10633
190682,1,608,250,358
190682,4,608,250,358
190691,1,10812,3760,7052
190691,2,10609,3716,6893
190691,4,203,44,159
190707,1,17,3,14
190707,2,17,3,14
190716,1,3448,938,2510
190716,2,1875,486,1389
190716,4,1573,452,1121
190725,1,2936,744,2192
190725,2,1893,559,1334
190725,4,1043,185,858
190752,1,34,34,0
190752,2,34,34,0
190761,1,2265,712,1553
190761,2,1614,536,1078
190761,4,651,176,475
190840,1,10950,4870,6080
190840,2,10950,4870,6080
190956,1,122,14,108
190956,2,122,14,108
190974,1,285,68,217
190974,2,285,68,217
190983,1,977,312,665
190983,2,869,275,594
190983,4,108,37,71
191083,1,18969,8837,10132
191083,2,18969,8837,10132
191126,1,10065,1699,8366
191126,2,9832,1666,8166
191126,4,233,33,200
191199,1,8907,3888,5019
191199,2,8907,3888,5019
191205,1,725,481,244
191205,2,671,449,222
191205,4,54,32,22
191241,1,18774,7331,11443
191241,2,10447,4463,5984
191241,4,8327,2868,5459
191287,1,768,344,424
191287,2,768,344,424
191302,1,2771,1173,1598
191302,2,2771,1173,1598
191311,1,235,88,147
191311,2,235,88,147
191320,1,57,26,31
191320,4,57,26,31
191339,1,6920,2518,4402
191339,2,6920,2518,4402
191515,1,2083,976,1107
191515,2,2083,976,1107
191533,1,1238,511,727
191533,2,1238,511,727
191597,1,758,81,677
191597,2,758,81,677
191612,1,3524,1451,2073
191612,2,3524,1451,2073
191621,1,1339,545,794
191621,2,1298,528,770
191621,4,41,17,24
191630,1,2273,1097,1176
191630,2,2261,1095,1166
191630,4,12,2,10
191649,1,11849,5024,6825
191649,2,7118,3237,3881
191649,4,4731,1787,2944
191676,1,1103,441,662
191676,2,1090,439,651
191676,4,13,2,11
191719,1,15584,7572,8012
191719,2,15584,7572,8012
191728,1,2034,346,1688
191728,2,2034,346,1688
191931,1,4404,2098,2306
191931,2,3584,1784,1800
191931,4,820,314,506
191940,1,151,12,139
191940,2,151,12,139
191959,1,90,83,7
191959,2,90,83,7
191968,1,7003,2903,4100
191968,2,6348,2715,3633
191968,4,655,188,467
191986,1,5458,2278,3180
191986,2,5458,2278,3180
192004,1,393,117,276
192004,2,393,117,276
192022,1,4500,1828,2672
192022,2,4500,1828,2672
192040,1,339,150,189
192040,2,149,67,82
192040,4,190,83,107
192110,1,971,529,442
192110,2,614,331,283
192110,4,357,198,159
192165,1,160,160,0
192165,2,160,160,0
192192,1,2078,506,1572
192192,2,1759,457,1302
192192,4,319,49,270
192271,1,2565,245,2320
192271,2,2008,201,1807
192271,4,557,44,513
192323,1,3828,1410,2418
192323,2,2986,1168,1818
192323,4,842,242,600
192448,1,17703,5839,11864
192448,2,11530,4258,7272
192448,4,6173,1581,4592
192484,1,141,2,139
192484,2,141,2,139
192509,1,1896,546,1350
192509,2,1896,546,1350
192624,1,190,190,0
192624,2,190,190,0
192688,1,967,157,810
192688,2,967,157,810
192703,1,4599,2529,2070
192703,2,3834,2139,1695
192703,4,765,390,375
192712,1,1019,469,550
192712,2,520,262,258
192712,4,499,207,292
192749,1,2961,1066,1895
192749,2,1696,681,1015
192749,4,1265,385,880
192785,1,1085,128,957
192785,2,1085,128,957
192800,1,25,1,24
192800,2,25,1,24
192819,1,7462,3156,4306
192819,2,6184,2652,3532
192819,4,1278,504,774
192864,1,2239,478,1761
192864,2,2239,478,1761
192925,1,2986,764,2222
192925,2,1956,545,1411
192925,4,1030,219,811
192961,1,128,25,103
192961,2,128,25,103
192970,1,20,4,16
192970,2,20,4,16
193016,1,11368,3340,8028
193016,2,7703,2584,5119
193016,4,3665,756,2909
193052,1,360,360,0
193052,2,210,210,0
193052,4,150,150,0
193061,1,39,39,0
193061,2,36,36,0
193061,4,3,3,0
193070,1,70,70,0
193070,2,46,46,0
193070,4,24,24,0
193122,1,109,15,94
193122,2,109,15,94
193186,1,112,6,106
193186,2,112,6,106
193201,1,844,151,693
193201,2,844,151,693
193247,1,171,171,0
193247,2,132,132,0
193247,4,39,39,0
193265,1,117,110,7
193265,2,117,110,7
193283,1,8661,4052,4609
193283,2,8661,4052,4609
193292,1,8527,2390,6137
193292,2,6077,1903,4174
193292,4,2450,487,1963
193308,1,9897,3696,6201
193308,2,8529,3217,5312
193308,4,1368,479,889
193326,1,25256,12816,12440
193326,2,25256,12816,12440
193353,1,2670,720,1950
193353,2,2213,631,1582
193353,4,457,89,368
193380,1,191,36,155
193380,2,191,36,155
193399,1,2234,616,1618
193399,2,1812,534,1278
193399,4,422,82,340
193405,1,1242,547,695
193405,4,1242,547,695
193478,1,24575,11727,12848
193478,2,24575,11727,12848
193584,1,3262,803,2459
193584,2,2362,624,1738
193584,4,900,179,721
193609,1,84,41,43
193609,2,84,41,43
193654,1,12497,3385,9112
193654,2,9104,2243,6861
193654,4,3393,1142,2251
193672,1,58,50,8
193672,2,58,50,8
193751,1,1001,457,544
193751,4,1001,457,544
193821,1,1072,450,622
193821,4,1072,450,622
193830,1,1549,605,944
193830,4,1549,605,944
193858,1,545,52,493
193858,2,545,52,493
193894,1,351,151,200
193894,4,351,151,200
193900,1,58091,24630,33461
193900,2,29902,12684,17218
193900,4,28189,11946,16243
193946,1,4609,1991,2618
193946,2,4609,1991,2618
193973,1,4229,1527,2702
193973,2,2938,1099,1839
193973,4,1291,428,863
193991,1,52,2,50
193991,2,52,2,50
194028,1,2311,937,1374
194028,2,2311,937,1374
194073,1,383,212,171
194073,4,383,212,171
194091,1,7950,4394,3556
194091,2,4008,2469,1539
194091,4,3942,1925,2017
194116,1,794,79,715
194116,2,613,60,553
194116,4,181,19,162
194161,1,2814,1261,1553
194161,2,1616,756,860
194161,4,1198,505,693
194189,1,135,135,0
194189,2,135,135,0
194222,1,12722,6054,6668
194222,2,12722,6054,6668
194240,1,8079,3319,4760
194240,2,8079,3319,4760
194259,1,31,4,27
194259,2,31,4,27
194310,1,15478,6017,9461
194310,2,9686,3816,5870
194310,4,5792,2201,3591
194392,1,768,516,252
194392,2,768,516,252
194435,1,219,6,213
194435,2,219,6,213
194499,1,1431,286,1145
194499,2,1431,286,1145
194569,1,264,140,124
194569,2,264,140,124
194578,1,5683,1639,4044
194578,2,4192,1228,2964
194578,4,1491,411,1080
194657,1,315,315,0
194657,2,177,177,0
194657,4,138,138,0
194666,1,365,365,0
194666,2,338,338,0
194666,4,27,27,0
194693,1,47,47,0
194693,2,47,47,0
194736,1,162,162,0
194736,2,162,162,0
194763,1,486,486,0
194763,2,275,275,0
194763,4,211,211,0
194824,1,8156,5597,2559
194824,2,6706,4573,2133
194824,4,1450,1024,426
194958,1,2292,650,1642
194958,2,1824,561,1263
194958,4,468,89,379
195003,1,18660,12469,6191
195003,2,15118,10244,4874
195003,4,3542,2225,1317
195030,1,13269,6276,6993
195030,2,7308,3541,3767
195030,4,5961,2735,3226
195049,1,235,135,100
195049,4,235,135,100
195058,1,9457,4287,5170
195058,2,9457,4287,5170
195067,1,751,39,712
195067,2,751,39,712
195128,1,3003,597,2406
195128,2,1563,327,1236
195128,4,1440,270,1170
195155,1,91,54,37
195155,4,91,54,37
195164,1,2693,1299,1394
195164,2,1847,993,854
195164,4,846,306,540
195173,1,2642,1035,1607
195173,2,2504,973,1531
195173,4,138,62,76
195191,1,333,29,304
195191,2,333,29,304
195216,1,2651,1194,1457
195216,2,2543,1149,1394
195216,4,108,45,63
195234,1,4652,1330,3322
195234,2,2577,860,1717
195234,4,2075,470,1605
195243,1,2382,1114,1268
195243,2,2178,1048,1130
195243,4,204,66,138
195289,1,151,23,128
195289,2,151,23,128
195304,1,1829,459,1370
195304,2,1515,401,1114
195304,4,314,58,256
195322,1,6835,2914,3921
195322,2,6835,2914,3921
195438,1,201,201,0
195438,2,179,179,0
195438,4,22,22,0
195474,1,3516,1596,1920
195474,2,3404,1535,1869
195474,4,112,61,51
195526,1,2820,1091,1729
195526,2,2817,1090,1727
195526,4,3,1,2
195544,1,1326,410,916
195544,2,1041,339,702
195544,4,285,71,214
195562,1,4794,1435,3359
195562,2,3538,1131,2407
195562,4,1256,304,952
195580,1,95,88,7
195580,4,95,88,7
195702,1,204,20,184
195702,2,204,20,184
195720,1,4129,1557,2572
195720,2,2927,1202,1725
195720,4,1202,355,847
195784,1,804,112,692
195784,2,804,112,692
195809,1,23679,9763,13916
195809,2,18300,7735,10565
195809,4,5379,2028,3351
195988,1,1969,878,1091
195988,2,1969,878,1091
196006,1,4166,2540,1626
196006,2,4166,2540,1626
196015,1,4985,2219,2766
196015,2,4985,2219,2766
196024,1,3638,1573,2065
196024,2,3552,1564,1988
196024,4,86,9,77
196033,1,3065,1341,1724
196033,2,3065,1341,1724
196042,1,12831,7034,5797
196042,2,12774,6984,5790
196042,4,57,50,7
196051,1,3345,1721,1624
196051,2,3345,1721,1624
196060,1,20325,9411,10914
196060,2,15304,7501,7803
196060,4,5021,1910,3111
196079,1,19454,9804,9650
196079,2,15300,7735,7565
196079,4,4154,2069,2085
196088,1,35111,18870,16241
196088,2,24330,13653,10677
196088,4,10781,5217,5564
196097,1,30458,14722,15736
196097,2,20506,10552,9954
196097,4,9952,4170,5782
196103,1,2370,1247,1123
196103,2,1925,1021,904
196103,4,445,226,219
196112,1,3402,2020,1382
196112,2,2469,1588,881
196112,4,933,432,501
196121,1,9603,3939,5664
196121,2,7927,3392,4535
196121,4,1676,547,1129
196130,1,10467,4359,6108
196130,2,9113,3960,5153
196130,4,1354,399,955
196149,1,7737,3371,4366
196149,2,7029,3112,3917
196149,4,708,259,449
196158,1,4989,2121,2868
196158,2,4710,2055,2655
196158,4,279,66,213
196167,1,5959,2298,3661
196167,2,5809,2259,3550
196167,4,150,39,111
196176,1,8895,3247,5648
196176,2,7661,2922,4739
196176,4,1234,325,909
196185,1,7131,2688,4443
196185,2,6526,2580,3946
196185,4,605,108,497
196194,1,9381,4522,4859
196194,2,7994,3993,4001
196194,4,1387,529,858
196200,1,3918,1538,2380
196200,2,3560,1436,2124
196200,4,358,102,256
196219,1,4753,1993,2760
196219,2,4647,1942,2705
196219,4,106,51,55
196228,1,408,119,289
196228,4,408,119,289
196237,1,6442,2603,3839
196237,2,6047,2445,3602
196237,4,395,158,237
196246,1,6475,2701,3774
196246,2,5920,2558,3362
196246,4,555,143,412
196255,1,2092,742,1350
196255,2,349,83,266
196255,4,1743,659,1084
196264,1,17278,6265,11013
196264,2,14632,5601,9031
196264,4,2646,664,1982
196291,1,1947,1678,269
196291,2,1750,1529,221
196291,4,197,149,48
196307,1,1661,629,1032
196307,2,305,69,236
196307,4,1356,560,796
196389,1,1173,279,894
196389,2,1173,279,894
196413,1,38110,17399,20711
196413,2,28546,12474,16072
196413,4,9564,4925,4639
196431,1,311,311,0
196431,2,311,311,0
196440,1,17,17,0
196440,2,8,8,0
196440,4,9,9,0
196468,1,6004,1369,4635
196468,4,6004,1369,4635
196565,1,8946,4054,4892
196565,2,8946,4054,4892
196583,1,91,91,0
196583,2,91,91,0
196592,1,14699,4325,10374
196592,2,7337,2117,5220
196592,4,7362,2208,5154
196653,1,1691,274,1417
196653,2,1691,274,1417
196680,1,36455,19200,17255
196680,2,32927,17221,15706
196680,4,3528,1979,1549
196699,1,4485,2097,2388
196699,2,4485,2097,2388
196866,1,2220,1200,1020
196866,2,2220,1200,1020
196884,1,246,97,149
196884,4,246,97,149
197018,1,2839,2839,0
197018,2,1989,1989,0
197018,4,850,850,0
197027,1,1028,841,187
197027,2,1005,820,185
197027,4,23,21,2
197036,1,4648,3585,1063
197036,2,4648,3585,1063
197045,1,7176,2955,4221
197045,2,4927,1942,2985
197045,4,2249,1013,1236
197133,1,2603,1052,1551
197133,2,2603,1052,1551
197142,1,569,217,352
197142,2,569,217,352
197151,1,4541,1363,3178
197151,2,3839,1145,2694
197151,4,702,218,484
197197,1,2399,824,1575
197197,2,1860,657,1203
197197,4,539,167,372
197221,1,104,79,25
197221,2,104,79,25
197230,1,483,176,307
197230,2,483,176,307
197285,1,1373,483,890
197285,2,1373,483,890
197294,1,20136,9474,10662
197294,2,20136,9474,10662
197337,1,103,2,101
197337,2,103,2,101
197531,1,783,357,426
197531,2,783,357,426
197601,1,150,150,0
197601,2,150,150,0
197647,1,143,143,0
197647,2,90,90,0
197647,4,53,53,0
197674,1,228,228,0
197674,2,195,195,0
197674,4,33,33,0
197692,1,92,92,0
197692,2,70,70,0
197692,4,22,22,0
197708,1,7112,3284,3828
197708,2,2947,1568,1379
197708,4,4165,1716,2449
197735,1,687,687,0
197735,2,494,494,0
197735,4,193,193,0
197744,1,257,257,0
197744,2,208,208,0
197744,4,49,49,0
197814,1,3351,1155,2196
197814,2,3351,1155,2196
197850,1,3942,1376,2566
197850,2,3942,1376,2566
197869,1,20714,8890,11824
197869,2,18575,8229,10346
197869,4,2139,661,1478
197887,1,10333,4313,6020
197887,2,10333,4313,6020
197911,1,1196,417,779
197911,2,1059,380,679
197911,4,137,37,100
197966,1,2049,671,1378
197966,2,2049,671,1378
197984,1,1677,828,849
197984,2,1677,828,849
197993,1,558,0,558
197993,2,558,0,558
198011,1,1663,528,1135
198011,2,1663,528,1135
198039,1,2869,1233,1636
198039,2,2869,1233,1636
198066,1,730,409,321
198066,2,730,409,321
198084,1,2000,736,1264
198084,2,2000,736,1264
198109,1,542,49,493
198109,2,493,42,451
198109,4,49,7,42
198118,1,4654,1865,2789
198118,2,4654,1865,2789
198136,1,7311,3436,3875
198136,2,4973,2437,2536
198136,4,2338,999,1339
198154,1,11557,4970,6587
198154,2,11557,4970,6587
198190,1,70,50,20
198190,2,70,50,20
198206,1,2267,760,1507
198206,2,2267,760,1507
198215,1,1472,689,783
198215,2,1467,688,779
198215,4,5,1,4
198233,1,6032,2624,3408
198233,2,6032,2624,3408
198251,1,6911,2475,4436
198251,2,6911,2475,4436
198260,1,29279,12733,16546
198260,2,29279,12733,16546
198303,1,1470,722,748
198303,2,1465,719,746
198303,4,5,3,2
198321,1,3715,1302,2413
198321,2,3715,1302,2413
198330,1,5892,2348,3544
198330,2,5892,2348,3544
198367,1,4439,1859,2580
198367,2,4439,1859,2580
198376,1,5123,1845,3278
198376,2,5123,1845,3278
198385,1,2006,1008,998
198385,2,2006,1008,998
198419,1,18159,8835,9324
198419,2,7338,3635,3703
198419,4,10821,5200,5621
198455,1,8053,3012,5041
198455,2,8053,3012,5041
198464,1,32028,13105,18923
198464,2,25196,10782,14414
198464,4,6832,2323,4509
198491,1,2828,660,2168
198491,2,2828,660,2168
198507,1,1922,799,1123
198507,2,1852,781,1071
198507,4,70,18,52
198516,1,7277,2903,4374
198516,2,6344,2571,3773
198516,4,933,332,601
198534,1,18331,7881,10450
198534,2,18331,7881,10450
198543,1,7880,2622,5258
198543,2,6693,2168,4525
198543,4,1187,454,733
198552,1,11450,4472,6978
198552,2,11450,4472,6978
198561,1,4114,1294,2820
198561,2,2228,770,1458
198561,4,1886,524,1362
198570,1,8484,2823,5661
198570,2,8484,2823,5661
198598,1,1203,532,671
198598,2,993,481,512
198598,4,210,51,159
198613,1,1700,840,860
198613,2,1687,836,851
198613,4,13,4,9
198622,1,13961,5893,8068
198622,2,13961,5893,8068
198640,1,1499,627,872
198640,2,1499,627,872
198668,1,2090,755,1335
198668,2,2090,755,1335
198677,1,37,16,21
198677,2,37,16,21
198695,1,5349,2192,3157
198695,2,4566,1957,2609
198695,4,783,235,548
198710,1,2680,1057,1623
198710,2,2680,1057,1623
198729,1,1572,521,1051
198729,2,1572,521,1051
198756,1,1728,637,1091
198756,2,1627,628,999
198756,4,101,9,92
198774,1,5331,1973,3358
198774,2,5331,1973,3358
198808,1,1026,350,676
198808,2,1026,350,676
198817,1,3719,1367,2352
198817,2,3719,1367,2352
198835,1,3058,1073,1985
198835,2,1954,775,1179
198835,4,1104,298,806
198844,1,283,7,276
198844,2,283,7,276
198862,1,1349,695,654
198862,2,1349,695,654
198871,1,661,430,231
198871,2,661,430,231
198899,1,1272,586,686
198899,2,1249,578,671
198899,4,23,8,15
198905,1,983,334,649
198905,2,983,334,649
198914,1,1444,608,836
198914,2,1444,608,836
198923,1,1395,527,868
198923,2,1395,527,868
198950,1,2048,54,1994
198950,2,1683,6,1677
198950,4,365,48,317
198969,1,2295,1120,1175
198969,2,1958,1007,951
198969,4,337,113,224
198978,1,3212,544,2668
198978,2,3212,544,2668
198987,1,4125,1649,2476
198987,2,4125,1649,2476
199005,1,18,0,18
199005,2,18,0,18
199023,1,1025,405,620
199023,2,1025,405,620
199032,1,1062,487,575
199032,2,897,438,459
199032,4,165,49,116
199069,1,4016,1374,2642
199069,2,3672,1264,2408
199069,4,344,110,234
199078,1,226,23,203
199078,2,226,23,203
199087,1,4734,2246,2488
199087,2,4734,2246,2488
199102,1,13511,5878,7633
199102,2,11732,5111,6621
199102,4,1779,767,1012
199111,1,4358,1860,2498
199111,2,4332,1850,2482
199111,4,26,10,16
199120,1,32346,13627,18719
199120,2,19957,8134,11823
199120,4,12389,5493,6896
199139,1,34024,17314,16710
199139,2,27497,14524,12973
199139,4,6527,2790,3737
199148,1,22610,7482,15128
199148,2,18534,6289,12245
199148,4,4076,1193,2883
199157,1,9201,2841,6360
199157,2,7157,2308,4849
199157,4,2044,533,1511
199184,1,1057,498,559
199184,2,904,422,482
199184,4,153,76,77
199193,1,39822,20940,18882
199193,2,28147,14798,13349
199193,4,11675,6142,5533
199209,1,2310,985,1325
199209,2,2180,934,1246
199209,4,130,51,79
199218,1,19400,6961,12439
199218,2,16615,6149,10466
199218,4,2785,812,1973
199263,1,715,334,381
199263,2,715,334,381
199272,1,1156,539,617
199272,2,1156,539,617
199281,1,8492,3178,5314
199281,2,7001,2702,4299
199281,4,1491,476,1015
199306,1,1533,564,969
199306,2,949,394,555
199306,4,584,170,414
199324,1,1681,644,1037
199324,2,1681,644,1037
199333,1,12363,4810,7553
199333,2,12363,4810,7553
199412,1,3056,910,2146
199412,2,2053,654,1399
199412,4,1003,256,747
199421,1,3528,1343,2185
199421,2,3528,1343,2185
199449,1,3118,1090,2028
199449,2,3118,1090,2028
199458,1,218,120,98
199458,2,218,120,98
199467,1,956,308,648
199467,2,956,308,648
199476,1,2498,785,1713
199476,2,2498,785,1713
199485,1,2205,820,1385
199485,2,2205,820,1385
199494,1,8282,3017,5265
199494,2,8282,3017,5265
199582,1,841,426,415
199582,2,841,426,415
199607,1,882,34,848
199607,2,726,22,704
199607,4,156,12,144
199625,1,2143,687,1456
199625,2,2143,687,1456
199634,1,5164,1940,3224
199634,2,5164,1940,3224
199643,1,1512,652,860
199643,2,1387,592,795
199643,4,125,60,65
199670,1,138,71,67
199670,2,138,71,67
199689,1,244,8,236
199689,2,244,8,236
199698,1,816,364,452
199698,2,786,348,438
199698,4,30,16,14
199722,1,1933,642,1291
199722,2,1933,642,1291
199731,1,3144,1206,1938
199731,2,3144,1206,1938
199740,1,3638,1060,2578
199740,2,3638,1060,2578
199759,1,4547,3257,1290
199759,2,1631,881,750
199759,4,2916,2376,540
199768,1,4221,1585,2636
199768,2,4221,1585,2636
199786,1,5490,2106,3384
199786,2,5490,2106,3384
199795,1,1397,548,849
199795,2,1397,548,849
199838,1,3799,1231,2568
199838,2,3799,1231,2568
199847,1,9032,4149,4883
199847,2,5399,2577,2822
199847,4,3633,1572,2061
199856,1,29844,13261,16583
199856,2,29844,13261,16583
199865,1,805,274,531
199865,2,699,244,455
199865,4,106,30,76
199883,1,191,14,177
199883,2,191,14,177
199892,1,4224,1639,2585
199892,2,4224,1639,2585
199908,1,2410,946,1464
199908,2,2410,946,1464
199926,1,3322,1452,1870
199926,2,3322,1452,1870
199953,1,2604,792,1812
199953,2,2604,792,1812
199962,1,3875,1504,2371
199962,2,2832,1107,1725
199962,4,1043,397,646
199971,1,84,46,38
199971,2,70,42,28
199971,4,14,4,10
199980,1,186,163,23
199980,2,186,163,23
199999,1,5915,1611,4304
199999,2,5382,1465,3917
199999,4,533,146,387
200004,1,13342,5703,7639
200004,2,11303,5056,6247
200004,4,2039,647,1392
200013,1,1006,176,830
200013,2,1002,176,826
200013,4,4,0,4
200022,1,4848,2679,2169
200022,2,4848,2679,2169
200059,1,1760,688,1072
200059,2,1743,681,1062
200059,4,17,7,10
200086,1,252,83,169
200086,2,252,83,169
200110,1,63,1,62
200110,2,63,1,62
200156,1,1192,569,623
200156,2,929,478,451
200156,4,263,91,172
200192,1,3043,1296,1747
200192,2,3043,1296,1747
200208,1,293,113,180
200208,2,293,113,180
200217,1,4696,1764,2932
200217,2,2957,1167,1790
200217,4,1739,597,1142
200226,1,1628,591,1037
200226,2,1580,571,1009
200226,4,48,20,28
200253,1,3839,1582,2257
200253,2,3471,1442,2029
200253,4,368,140,228
200262,1,16,13,3
200262,2,16,13,3
200280,1,17050,8883,8167
200280,2,13045,7378,5667
200280,4,4005,1505,2500
200305,1,3625,1915,1710
200305,2,3625,1915,1710
200314,1,1276,515,761
200314,2,1276,515,761
200332,1,14998,7884,7114
200332,2,12253,6585,5668
200332,4,2745,1299,1446
200341,1,1589,577,1012
200341,2,1589,577,1012
200387,1,40,0,40
200387,2,40,0,40
200466,1,405,147,258
200466,2,387,143,244
200466,4,18,4,14
200484,1,276,163,113
200484,2,204,107,97
200484,4,72,56,16
200527,1,826,336,490
200527,2,826,336,490
200554,1,528,202,326
200554,2,528,202,326
200572,1,1953,720,1233
200572,2,1736,664,1072
200572,4,217,56,161
200590,1,255,96,159
200590,2,255,96,159
200697,1,1170,998,172
200697,4,1170,998,172
200785,1,857,130,727
200785,2,857,130,727
200800,1,21260,10832,10428
200800,2,17498,9203,8295
200800,4,3762,1629,2133
200846,1,2369,1038,1331
200846,2,2369,1038,1331
200873,1,80,33,47
200873,2,80,33,47
201016,1,118,6,112
201016,2,118,6,112
201034,1,1036,458,578
201034,2,1036,458,578
201061,1,216,62,154
201061,2,203,58,145
201061,4,13,4,9
201098,1,63,23,40
201098,2,63,23,40
201104,1,9564,5188,4376
201104,2,7155,4204,2951
201104,4,2409,984,1425
201131,1,159,48,111
201131,2,159,48,111
201140,1,234,177,57
201140,2,77,51,26
201140,4,157,126,31
201159,1,271,176,95
201159,2,271,176,95
201177,1,415,43,372
201177,2,415,43,372
201195,1,4390,1869,2521
201195,2,3370,1557,1813
201195,4,1020,312,708
201283,1,1268,419,849
201283,2,1268,419,849
201371,1,839,439,400
201371,2,763,413,350
201371,4,76,26,50
201432,1,2461,864,1597
201432,2,2461,864,1597
201441,1,20534,8915,11619
201441,2,16861,7613,9248
201441,4,3673,1302,2371
201469,1,1191,179,1012
201469,2,1191,179,1012
201478,1,200,44,156
201478,2,200,44,156
201496,1,304,200,104
201496,2,304,200,104
201539,1,118,7,111
201539,2,118,7,111
201548,1,3649,1440,2209
201548,2,2772,1052,1720
201548,4,877,388,489
201645,1,12755,6165,6590
201645,2,5420,2960,2460
201645,4,7335,3205,4130
201654,1,4566,2092,2474
201654,2,4069,1891,2178
201654,4,497,201,296
201672,1,5232,1728,3504
201672,2,5232,1728,3504
201681,1,115,4,111
201681,2,115,4,111
201690,1,2278,933,1345
201690,2,2278,933,1345
201751,1,344,79,265
201751,2,344,79,265
201803,1,108,7,101
201803,2,108,7,101
201821,1,1057,94,963
201821,2,1057,94,963
201858,1,802,516,286
201858,2,693,453,240
201858,4,109,63,46
201867,1,99,33,66
201867,2,99,33,66
201885,1,43692,20246,23446
201885,2,30173,15223,14950
201885,4,13519,5023,8496
201928,1,12042,5294,6748
201928,2,12042,5294,6748
201946,1,4145,1843,2302
201946,2,4145,1843,2302
201955,1,6045,2496,3549
201955,2,6045,2496,3549
201964,1,4498,1678,2820
201964,2,3925,1404,2521
201964,4,573,274,299
201973,1,8400,2970,5430
201973,2,8400,2970,5430
201982,1,29,2,27
201982,2,29,2,27
202046,1,678,224,454
202046,2,678,224,454
202073,1,410,197,213
202073,2,237,120,117
202073,4,173,77,96
202134,1,19039,8379,10660
202134,2,13971,6417,7554
202134,4,5068,1962,3106
202152,1,226,47,179
202152,2,226,47,179
202161,1,450,113,337
202161,2,450,113,337
202170,1,1124,344,780
202170,2,1062,325,737
202170,4,62,19,43
202222,1,46559,20958,25601
202222,2,46559,20958,25601
202356,1,33892,13465,20427
202356,2,33892,13465,20427
202435,1,102,9,93
202435,2,102,9,93
202453,1,67,53,14
202453,2,67,53,14
202480,1,13417,6762,6655
202480,2,8911,4676,4235
202480,4,4506,2086,2420
202514,1,636,332,304
202514,2,582,311,271
202514,4,54,21,33
202523,1,2422,1108,1314
202523,2,2422,1108,1314
202648,1,4508,1778,2730
202648,2,4508,1778,2730
202657,1,413,143,270
202657,2,413,143,270
202763,1,5561,1991,3570
202763,2,3863,1349,2514
202763,4,1698,642,1056
202806,1,8397,3755,4642
202806,2,6193,2870,3323
202806,4,2204,885,1319
202888,1,111,9,102
202888,2,111,9,102
202903,1,362,203,159
202903,2,341,184,157
202903,4,21,19,2
202912,1,505,51,454
202912,2,505,51,454
202949,1,345,259,86
202949,2,345,259,86
202985,1,151,14,137
202985,2,151,14,137
203030,1,165,19,146
203030,2,165,19,146
203067,1,408,165,243
203067,4,408,165,243
203085,1,1409,652,757
203085,2,1136,577,559
203085,4,273,75,198
203128,1,1364,588,776
203128,2,1350,581,769
203128,4,14,7,7
203146,1,567,537,30
203146,2,567,537,30
203155,1,4289,2079,2210
203155,2,4289,2079,2210
203234,1,254,8,246
203234,2,254,8,246
203289,1,75,60,15
203289,2,75,60,15
203331,1,26701,8335,18366
203331,2,26701,8335,18366
203368,1,4042,2018,2024
203368,2,3293,1726,1567
203368,4,749,292,457
203386,1,3233,243,2990
203386,2,3233,243,2990
203438,1,189,3,186
203438,2,189,3,186
203447,1,3353,1145,2208
203447,2,3353,1145,2208
203456,1,2171,661,1510
203456,2,2171,661,1510
203465,1,7125,2692,4433
203465,2,7105,2690,4415
203465,4,20,2,18
203474,1,3878,1470,2408
203474,2,3878,1470,2408
203483,1,3043,1300,1743
203483,2,3043,1300,1743
203492,1,2659,782,1877
203492,2,2659,782,1877
203517,1,33013,12417,20596
203517,2,25878,10027,15851
203517,4,7135,2390,4745
203526,1,3576,1314,2262
203526,2,3576,1314,2262
203535,1,1831,818,1013
203535,2,1831,818,1013
203544,1,1227,194,1033
203544,2,915,141,774
203544,4,312,53,259
203580,1,1365,588,777
203580,2,1015,449,566
203580,4,350,139,211
203599,1,9309,3690,5619
203599,2,9309,3690,5619
203614,1,410,87,323
203614,2,410,87,323
203678,1,5155,1850,3305
203678,2,5155,1850,3305
203720,1,392,104,288
203720,2,392,104,288
203739,1,315,48,267
203739,2,315,48,267
203748,1,14831,5682,9149
203748,2,14831,5682,9149
203757,1,1396,522,874
203757,2,1174,451,723
203757,4,222,71,151
203775,1,2195,785,1410
203775,2,1469,605,864
203775,4,726,180,546
203845,1,1358,734,624
203845,2,1202,703,499
203845,4,156,31,125
203881,1,3096,1409,1687
203881,2,3096,1409,1687
203942,1,52,29,23
203942,2,52,29,23
203960,1,1739,249,1490
203960,2,1683,241,1442
203960,4,56,8,48
203997,1,152,64,88
203997,4,152,64,88
204006,1,3311,1555,1756
204006,2,3297,1542,1755
204006,4,14,13,1
204015,1,2335,1097,1238
204015,2,2335,1097,1238
204024,1,22010,10396,11614
204024,2,18631,9375,9256
204024,4,3379,1021,2358
204121,1,92,0,92
204121,2,92,0,92
204158,1,367,111,256
204158,2,367,111,256
204176,1,1352,153,1199
204176,2,1081,113,968
204176,4,271,40,231
204185,1,2453,1249,1204
204185,2,2210,1170,1040
204185,4,243,79,164
204194,1,2766,994,1772
204194,2,2174,798,1376
204194,4,592,196,396
204200,1,2490,836,1654
204200,2,1554,631,923
204200,4,936,205,731
204255,1,2888,1244,1644
204255,2,2888,1244,1644
204264,1,3222,1010,2212
204264,2,1688,742,946
204264,4,1534,268,1266
204334,1,164,2,162
204334,2,164,2,162
204422,1,3731,1501,2230
204422,2,3731,1501,2230
204431,1,43,10,33
204431,2,43,10,33
204440,1,6047,4371,1676
204440,2,6047,4371,1676
204459,1,92,29,63
204459,2,92,29,63
204468,1,1980,886,1094
204468,2,1812,842,970
204468,4,168,44,124
204477,1,942,437,505
204477,4,942,437,505
204486,1,4383,3541,842
204486,2,4271,3482,789
204486,4,112,59,53
204501,1,2939,1240,1699
204501,2,2911,1223,1688
204501,4,28,17,11
204608,1,913,845,68
204608,2,913,845,68
204617,1,2256,843,1413
204617,2,1310,586,724
204617,4,946,257,689
204635,1,3070,1561,1509
204635,2,2323,1272,1051
204635,4,747,289,458
204662,1,720,372,348
204662,2,720,372,348
204671,1,1161,524,637
204671,2,1153,524,629
204671,4,8,0,8
204680,1,1396,648,748
204680,2,1384,646,738
204680,4,12,2,10
204699,1,1463,730,733
204699,2,1444,725,719
204699,4,19,5,14
204705,1,3319,1639,1680
204705,2,3300,1636,1664
204705,4,19,3,16
204714,1,111,5,106
204714,2,111,5,106
204723,1,286,228,58
204723,2,286,228,58
204769,1,256,5,251
204769,2,256,5,251
204778,1,134,1,133
204778,2,134,1,133
204796,1,66178,32557,33621
204796,2,50053,25623,24430
204796,4,16125,6934,9191
204802,1,2239,897,1342
204802,2,2239,897,1342
204820,1,3549,1315,2234
204820,2,3549,1315,2234
204839,1,4433,1599,2834
204839,2,4433,1599,2834
204848,1,4328,1749,2579
204848,2,4328,1749,2579
204857,1,33920,13637,20283
204857,2,26046,9914,16132
204857,4,7874,3723,4151
204866,1,3393,1056,2337
204866,2,3393,1056,2337
204884,1,324,21,303
204884,2,324,21,303
204893,1,92,17,75
204893,2,92,17,75
204909,1,1611,731,880
204909,2,1611,731,880
204936,1,3368,1203,2165
204936,2,2636,1014,1622
204936,4,732,189,543
204945,1,16212,8610,7602
204945,2,16212,8610,7602
204963,1,56,2,54
204963,2,56,2,54
204981,1,146,34,112
204981,2,146,34,112
204990,1,232,113,119
204990,4,232,113,119
205027,1,152,149,3
205027,2,91,91,0
205027,4,61,58,3
205054,1,727,92,635
205054,2,727,92,635
205090,1,67,7,60
205090,2,67,7,60
205124,1,61,61,0
205124,2,38,38,0
205124,4,23,23,0
205142,1,251,88,163
205142,2,251,88,163
205179,1,711,165,546
205179,2,711,165,546
205203,1,2227,826,1401
205203,2,2185,807,1378
205203,4,42,19,23
205391,1,219,63,156
205391,2,219,63,156
205443,1,3994,1713,2281
205443,2,3727,1655,2072
205443,4,267,58,209
205470,1,32190,14013,18177
205470,2,32190,14013,18177
205559,1,189,25,164
205559,2,189,25,164
205841,1,14540,6119,8421
205841,2,14540,6119,8421
205887,1,1007,135,872
205887,2,1007,135,872
205957,1,3600,1471,2129
205957,2,2421,983,1438
205957,4,1179,488,691
205966,1,3612,1270,2342
205966,2,3612,1270,2342
206011,1,3051,1623,1428
206011,2,3051,1623,1428
206039,1,50,2,48
206039,2,50,2,48
206048,1,3845,1813,2032
206048,2,2672,1363,1309
206048,4,1173,450,723
206084,1,22439,10929,11510
206084,2,17581,8877,8704
206084,4,4858,2052,2806
206154,1,47,34,13
206154,2,40,28,12
206154,4,7,6,1
206172,1,105,12,93
206172,2,105,12,93
206181,1,231,49,182
206181,2,231,49,182
206279,1,1399,582,817
206279,2,969,435,534
206279,4,430,147,283
206288,1,495,296,199
206288,4,495,296,199
206321,1,102,32,70
206321,2,102,32,70
206349,1,1419,141,1278
206349,2,774,60,714
206349,4,645,81,564
206394,1,162,36,126
206394,2,162,36,126
206437,1,3204,1131,2073
206437,2,2151,869,1282
206437,4,1053,262,791
206446,1,2327,826,1501
206446,2,2327,826,1501
206491,1,762,315,447
206491,2,742,307,435
206491,4,20,8,12
206507,1,1365,666,699
206507,2,1365,666,699
206516,1,79,45,34
206516,4,79,45,34
206525,1,1969,869,1100
206525,2,1900,842,1058
206525,4,69,27,42
206589,1,2132,982,1150
206589,2,2132,982,1150
206604,1,16523,7610,8913
206604,2,12248,5757,6491
206604,4,4275,1853,2422
206613,1,2130,942,1188
206613,2,2076,923,1153
206613,4,54,19,35
206622,1,8274,3556,4718
206622,2,5360,2452,2908
206622,4,2914,1104,1810
206695,1,14373,6639,7734
206695,2,12914,6047,6867
206695,4,1459,592,867
206817,1,322,183,139
206817,2,322,183,139
206835,1,1288,506,782
206835,2,1042,433,609
206835,4,246,73,173
206862,1,2870,1311,1559
206862,2,1963,955,1008
206862,4,907,356,551
206905,1,101,49,52
206905,2,101,49,52
206914,1,5370,2004,3366
206914,2,4907,1863,3044
206914,4,463,141,322
206923,1,2401,774,1627
206923,2,2401,774,1627
206932,1,468,59,409
206932,2,468,59,409
206941,1,17985,7185,10800
206941,2,16093,6598,9495
206941,4,1892,587,1305
206996,1,2721,885,1836
206996,2,2721,885,1836
207041,1,4289,1648,2641
207041,2,3423,1389,2034
207041,4,866,259,607
207050,1,1950,635,1315
207050,2,1950,635,1315
207069,1,2605,896,1709
207069,2,2605,896,1709
207087,1,52,4,48
207087,2,52,4,48
207102,1,167,29,138
207102,2,167,29,138
207157,1,378,217,161
207157,2,350,202,148
207157,4,28,15,13
207209,1,2607,956,1651
207209,2,2334,875,1459
207209,4,273,81,192
207236,1,2780,879,1901
207236,2,2780,879,1901
207254,1,1387,1263,124
207254,2,1387,1263,124
207263,1,9277,3359,5918
207263,2,7809,2996,4813
207263,4,1468,363,1105
207272,1,39,5,34
207272,2,39,5,34
207281,1,5809,2260,3549
207281,2,5809,2260,3549
207290,1,2456,1166,1290
207290,2,2456,1166,1290
207306,1,2363,900,1463
207306,2,2051,819,1232
207306,4,312,81,231
207315,1,1133,592,541
207315,4,1133,592,541
207324,1,2591,1375,1216
207324,2,2041,1009,1032
207324,4,550,366,184
207342,1,3697,1174,2523
207342,2,943,111,832
207342,4,2754,1063,1691
207351,1,1466,696,770
207351,2,1466,696,770
207388,1,27200,13773,13427
207388,2,22404,11402,11002
207388,4,4796,2371,2425
207397,1,9063,3377,5686
207397,2,9063,3377,5686
207403,1,2113,856,1257
207403,2,1963,791,1172
207403,4,150,65,85
207449,1,17861,6980,10881
207449,2,17861,6980,10881
207458,1,3163,1153,2010
207458,2,1859,612,1247
207458,4,1304,541,763
207500,1,32189,15815,16374
207500,2,24261,12018,12243
207500,4,7928,3797,4131
207564,1,3167,2016,1151
207564,2,3167,2016,1151
207582,1,4713,1959,2754
207582,2,4017,1633,2384
207582,4,696,326,370
207661,1,4383,1741,2642
207661,2,4347,1727,2620
207661,4,36,14,22
207670,1,9836,3716,6120
207670,2,9836,3716,6120
207704,1,169,1,168
207704,2,169,1,168
207722,1,893,282,611
207722,2,893,282,611
207740,1,2053,680,1373
207740,2,2053,680,1373
207786,1,24,1,23
207786,2,24,1,23
207847,1,5698,2524,3174
207847,2,3663,1649,2014
207847,4,2035,875,1160
207856,1,649,366,283
207856,2,604,338,266
207856,4,45,28,17
207865,1,5989,2302,3687
207865,2,4951,1961,2990
207865,4,1038,341,697
207935,1,22918,8793,14125
207935,2,22918,8793,14125
207962,1,1355,1207,148
207962,2,1355,1207,148
207971,1,4799,2686,2113
207971,2,3535,1965,1570
207971,4,1264,721,543
208017,1,31,0,31
208017,2,31,0,31
208035,1,1676,594,1082
208035,2,1676,594,1082
208044,1,35,7,28
208044,2,35,7,28
208053,1,320,170,150
208053,2,320,170,150
208187,1,228,20,208
208187,2,228,20,208
208275,1,3297,1395,1902
208275,2,3297,1395,1902
208318,1,8219,3779,4440
208318,2,8219,3779,4440
208390,1,16555,7227,9328
208390,2,16555,7227,9328
208406,1,13362,6711,6651
208406,2,13362,6711,6651
208415,1,2096,1168,928
208415,2,2096,1168,928
208433,1,91,3,88
208433,2,91,3,88
208479,1,894,123,771
208479,2,894,123,771
208488,1,8442,1912,6530
208488,2,1915,497,1418
208488,4,6527,1415,5112
208512,1,417,59,358
208512,2,417,59,358
208637,1,370,112,258
208637,2,370,112,258
208646,1,4742,1826,2916
208646,2,4307,1685,2622
208646,4,435,141,294
208725,1,103,53,50
208725,2,103,53,50
208822,1,4595,1833,2762
208822,2,2829,1187,1642
208822,4,1766,646,1120
208859,1,73,8,65
208859,2,73,8,65
209038,1,15319,7185,8134
209038,2,15319,7185,8134
209056,1,3682,1285,2397
209056,2,2107,828,1279
209056,4,1575,457,1118
209065,1,1424,568,856
209065,2,1424,568,856
209074,1,10347,4525,5822
209074,2,10347,4525,5822
209083,1,95,25,70
209083,2,95,25,70
209153,1,64,10,54
209153,2,64,10,54
209205,1,107,10,97
209205,2,107,10,97
209241,1,168,162,6
209241,2,40,40,0
209241,4,128,122,6
209250,1,15057,8322,6735
209250,2,15057,8322,6735
209287,1,788,409,379
209287,2,452,219,233
209287,4,336,190,146
209296,1,670,123,547
209296,2,32,3,29
209296,4,638,120,518
209409,1,1196,476,720
209409,2,931,392,539
209409,4,265,84,181
209490,1,3301,1117,2184
209490,2,891,158,733
209490,4,2410,959,1451
209506,1,8010,3845,4165
209506,2,7839,3772,4067
209506,4,171,73,98
209542,1,38110,19845,18265
209542,2,31233,16626,14607
209542,4,6877,3219,3658
209551,1,25203,11730,13473
209551,2,20912,9766,11146
209551,4,4291,1964,2327
209603,1,609,199,410
209603,2,494,163,331
209603,4,115,36,79
209612,1,4260,1388,2872
209612,2,1967,741,1226
209612,4,2293,647,1646
209667,1,81,4,77
209667,2,81,4,77
209676,1,154,16,138
209676,2,154,16,138
209694,1,71,20,51
209694,2,71,20,51
209700,1,247,38,209
209700,2,247,38,209
209719,1,87,10,77
209719,2,87,10,77
209746,1,46174,21320,24854
209746,2,46174,21320,24854
209807,1,32445,14364,18081
209807,2,25354,11660,13694
209807,4,7091,2704,4387
209825,1,4788,1903,2885
209825,2,4102,1656,2446
209825,4,686,247,439
209922,1,1581,722,859
209922,2,1555,711,844
209922,4,26,11,15
209940,1,8756,3664,5092
209940,2,8756,3664,5092
210076,1,1253,328,925
210076,2,1253,328,925
210146,1,7934,2720,5214
210146,2,6389,2332,4057
210146,4,1545,388,1157
210155,1,2949,1277,1672
210155,2,2949,1277,1672
210234,1,3668,1838,1830
210234,2,3668,1838,1830
210270,1,3312,1354,1958
210270,2,3312,1354,1958
210304,1,708,323,385
210304,2,697,321,376
210304,4,11,2,9
210331,1,1531,603,928
210331,2,1187,472,715
210331,4,344,131,213
210340,1,79,8,71
210340,2,79,8,71
210368,1,909,609,300
210368,4,909,609,300
210401,1,2614,1151,1463
210401,2,1956,816,1140
210401,4,658,335,323
210429,1,5770,2164,3606
210429,2,5068,1929,3139
210429,4,702,235,467
210438,1,1633,639,994
210438,2,48,13,35
210438,4,1585,626,959
210474,1,113,39,74
210474,2,113,39,74
210492,1,347,166,181
210492,2,328,156,172
210492,4,19,10,9
210508,1,27,16,11
210508,4,27,16,11
210571,1,2075,819,1256
210571,2,2038,805,1233
210571,4,37,14,23
210599,1,1226,826,400
210599,2,1226,826,400
210605,1,26242,12142,14100
210605,2,26242,12142,14100
210669,1,1830,813,1017
210669,2,1830,813,1017
210711,1,112,12,100
210711,2,112,12,100
210739,1,4317,1541,2776
210739,2,2932,1067,1865
210739,4,1385,474,911
210748,1,96,1,95
210748,2,96,1,95
210775,1,3352,966,2386
210775,2,2674,769,1905
210775,4,678,197,481
210784,1,304,13,291
210784,2,304,13,291
210809,1,14769,10544,4225
210809,2,13979,10049,3930
210809,4,790,495,295
211006,1,460,441,19
211006,2,460,441,19
211024,1,1073,620,453
211024,2,797,422,375
211024,4,276,198,78
211079,1,2966,1189,1777
211079,2,2966,1189,1777
211088,1,4268,1251,3017
211088,2,2299,739,1560
211088,4,1969,512,1457
211130,1,262,166,96
211130,4,262,166,96
211149,1,216,65,151
211149,2,216,65,151
211158,1,9843,4084,5759
211158,2,8887,3781,5106
211158,4,956,303,653
211273,1,1799,70,1729
211273,2,1457,1,1456
211273,4,342,69,273
211291,1,3842,1875,1967
211291,2,3756,1836,1920
211291,4,86,39,47
211307,1,13315,5638,7677
211307,2,13315,5638,7677
211316,1,87,0,87
211316,2,87,0,87
211334,1,60,2,58
211334,2,60,2,58
211343,1,4491,1802,2689
211343,2,4491,1802,2689
211352,1,2660,974,1686
211352,2,1810,709,1101
211352,4,850,265,585
211361,1,9440,3903,5537
211361,2,6251,2787,3464
211361,4,3189,1116,2073
211431,1,2358,376,1982
211431,2,1471,251,1220
211431,4,887,125,762
211440,1,15143,8784,6359
211440,2,7068,3613,3455
211440,4,8075,5171,2904
211468,1,1931,241,1690
211468,2,1568,177,1391
211468,4,363,64,299
211477,1,1531,519,1012
211477,2,1498,505,993
211477,4,33,14,19
211556,1,2810,669,2141
211556,2,1549,392,1157
211556,4,1261,277,984
211583,1,1968,646,1322
211583,2,1427,542,885
211583,4,541,104,437
211608,1,517,209,308
211608,2,517,209,308
211635,1,184,15,169
211635,2,184,15,169
211644,1,5677,1755,3922
211644,2,4440,1484,2956
211644,4,1237,271,966
211802,1,232,47,185
211802,2,232,47,185
211893,1,171,86,85
211893,2,130,66,64
211893,4,41,20,21
211927,1,16428,6547,9881
211927,2,16428,6547,9881
211981,1,2879,1105,1774
211981,2,2149,861,1288
211981,4,730,244,486
212009,1,2467,1047,1420
212009,2,2464,1044,1420
212009,4,3,3,0
212018,1,212,127,85
212018,4,212,127,85
212045,1,353,79,274
212045,2,353,79,274
212054,1,28249,12535,15714
212054,2,17591,8796,8795
212054,4,10658,3739,6919
212106,1,10319,3729,6590
212106,2,6503,2390,4113
212106,4,3816,1339,2477
212115,1,7351,3086,4265
212115,2,6331,2779,3552
212115,4,1020,307,713
212133,1,3988,1217,2771
212133,2,2189,672,1517
212133,4,1799,545,1254
212160,1,5949,2064,3885
212160,2,3998,1691,2307
212160,4,1951,373,1578
212197,1,2243,852,1391
212197,2,2017,787,1230
212197,4,226,65,161
212230,1,60,4,56
212230,2,60,4,56
212267,1,156,10,146
212267,2,156,10,146
212276,1,126,6,120
212276,2,126,6,120
212294,1,88,6,82
212294,2,88,6,82
212300,1,72,2,70
212300,2,72,2,70
212328,1,152,8,144
212328,2,152,8,144
212337,1,184,6,178
212337,2,184,6,178
212355,1,204,10,194
212355,2,204,10,194
212382,1,189,9,180
212382,2,189,9,180
212391,1,170,4,166
212391,2,170,4,166
212434,1,315,288,27
212434,2,315,288,27
212443,1,155,104,51
212443,4,155,104,51
212452,1,151,76,75
212452,2,60,26,34
212452,4,91,50,41
212568,1,129,18,111
212568,2,129,18,111
212577,1,2460,1105,1355
212577,2,2460,1105,1355
212601,1,4901,1881,3020
212601,2,3587,1435,2152
212601,4,1314,446,868
212656,1,1718,866,852
212656,2,1497,778,719
212656,4,221,88,133
212674,1,2679,1246,1433
212674,2,2679,1246,1433
212753,1,163,8,155
212753,2,163,8,155
212771,1,553,109,444
212771,2,219,26,193
212771,4,334,83,251
212805,1,2405,1259,1146
212805,2,2405,1259,1146
212832,1,3690,978,2712
212832,2,2558,712,1846
212832,4,1132,266,866
212869,1,1609,296,1313
212869,2,1609,296,1313
212878,1,25707,9325,16382
212878,2,25707,9325,16382
212911,1,1368,666,702
212911,2,1368,666,702
212975,1,371,265,106
212975,2,371,265,106
212984,1,3754,892,2862
212984,2,2313,619,1694
212984,4,1441,273,1168
212993,1,110,65,45
212993,2,110,65,45
213011,1,3116,759,2357
213011,2,1818,482,1336
213011,4,1298,277,1021
213020,1,13070,5555,7515
213020,2,10475,4569,5906
213020,4,2595,986,1609
213163,1,57,13,44
213163,2,57,13,44
213181,1,543,49,494
213181,2,543,49,494
213215,1,323,10,313
213215,2,323,10,313
213233,1,508,374,134
213233,2,508,374,134
213251,1,1495,651,844
213251,2,1472,635,837
213251,4,23,16,7
213303,1,2081,734,1347
213303,2,1946,712,1234
213303,4,135,22,113
213321,1,2923,1396,1527
213321,2,2475,1290,1185
213321,4,448,106,342
213330,1,27,0,27
213330,2,27,0,27
213349,1,9160,3990,5170
213349,2,7905,3695,4210
213349,4,1255,295,960
213358,1,1688,739,949
213358,2,1490,674,816
213358,4,198,65,133
213367,1,7168,2422,4746
213367,2,4378,1574,2804
213367,4,2790,848,1942
213376,1,3827,1722,2105
213376,2,3827,1722,2105
213385,1,2672,1280,1392
213385,2,2672,1280,1392
213400,1,2570,1301,1269
213400,2,2043,986,1057
213400,4,527,315,212
213446,1,121,56,65
213446,4,121,56,65
213455,1,361,8,353
213455,2,361,8,353
213473,1,232,38,194
213473,2,232,38,194
213491,1,69,2,67
213491,2,69,2,67
213507,1,2149,960,1189
213507,2,1821,838,983
213507,4,328,122,206
213525,1,10082,3817,6265
213525,2,10082,3817,6265
213534,1,1047,384,663
213534,2,1047,384,663
213543,1,7330,3972,3358
213543,2,5289,2873,2416
213543,4,2041,1099,942
213552,1,99,12,87
213552,2,99,12,87
213570,1,812,171,641
213570,2,812,171,641
213589,1,410,380,30
213589,2,410,380,30
213598,1,2516,820,1696
213598,2,2217,749,1468
213598,4,299,71,228
213613,1,3803,1526,2277
213613,2,3297,1386,1911
213613,4,506,140,366
213622,1,111,19,92
213622,2,111,19,92
213631,1,364,163,201
213631,4,364,163,201
213659,1,7207,2744,4463
213659,2,7207,2744,4463
213668,1,1172,559,613
213668,2,1172,559,613
213774,1,876,278,598
213774,2,868,278,590
213774,4,8,0,8
213783,1,1799,702,1097
213783,2,1753,696,1057
213783,4,46,6,40
213826,1,3135,899,2236
213826,2,1974,651,1323
213826,4,1161,248,913
213914,1,433,34,399
213914,2,433,34,399
213932,1,178,24,154
213932,2,178,24,154
213987,1,2860,1227,1633
213987,2,2542,1095,1447
213987,4,318,132,186
213996,1,3646,1289,2357
213996,2,2801,1094,1707
213996,4,845,195,650
214023,1,12,10,2
214023,2,12,10,2
214041,1,9231,3681,5550
214041,2,7659,3276,4383
214041,4,1572,405,1167
214069,1,3014,879,2135
214069,2,2159,662,1497
214069,4,855,217,638
214111,1,16484,7052,9432
214111,2,16484,7052,9432
214148,1,422,4,418
214148,2,384,0,384
214148,4,38,4,34
214157,1,2859,1056,1803
214157,2,2329,917,1412
214157,4,530,139,391
214166,1,2935,982,1953
214166,2,2876,962,1914
214166,4,59,20,39
214175,1,2443,962,1481
214175,2,2443,962,1481
214272,1,3082,1000,2082
214272,2,2161,738,1423
214272,4,921,262,659
214290,1,843,780,63
214290,2,843,780,63
214379,1,13690,5204,8486
214379,2,13690,5204,8486
214476,1,97,23,74
214476,2,97,23,74
214528,1,504,459,45
214528,2,504,459,45
214564,1,1335,302,1033
214564,4,1335,302,1033
214582,1,751,132,619
214582,2,751,132,619
214591,1,4676,3068,1608
214591,2,4468,2940,1528
214591,4,208,128,80
214607,1,485,298,187
214607,4,485,298,187
214616,1,962,430,532
214616,4,962,430,532
214625,1,759,405,354
214625,2,759,405,354
214634,1,538,156,382
214634,2,538,156,382
214643,1,541,366,175
214643,2,506,354,152
214643,4,35,12,23
214652,1,1089,530,559
214652,2,1089,530,559
214670,1,1054,561,493
214670,2,1050,561,489
214670,4,4,0,4
214689,1,3450,1912,1538
214689,2,3450,1912,1538
214698,1,693,409,284
214698,2,693,409,284
214704,1,2900,1721,1179
214704,2,2863,1714,1149
214704,4,37,7,30
214713,1,5567,3237,2330
214713,2,4643,2839,1804
214713,4,924,398,526
214731,1,1467,876,591
214731,2,1467,876,591
214740,1,638,379,259
214740,2,638,379,259
214759,1,684,315,369
214759,2,684,315,369
214768,1,760,373,387
214768,2,760,373,387
214777,1,49935,26932,23003
214777,2,42805,23023,19782
214777,4,7130,3909,3221
214786,1,519,312,207
214786,2,519,312,207
214795,1,924,422,502
214795,2,924,422,502
214801,1,4379,2147,2232
214801,2,4375,2147,2228
214801,4,4,0,4
214810,1,698,286,412
214810,2,698,286,412
214829,1,1080,625,455
214829,2,1050,622,428
214829,4,30,3,27
214883,1,1972,578,1394
214883,2,1849,559,1290
214883,4,123,19,104
214892,1,390,158,232
214892,2,390,158,232
214944,1,645,508,137
214944,2,645,508,137
214971,1,294,85,209
214971,2,206,59,147
214971,4,88,26,62
215008,1,104,102,2
215008,2,104,102,2
215044,1,105,15,90
215044,2,105,15,90
215053,1,253,82,171
215053,2,253,82,171
215062,1,29813,13361,16452
215062,2,14000,6456,7544
215062,4,15813,6905,8908
215105,1,2080,773,1307
215105,2,1786,672,1114
215105,4,294,101,193
215114,1,1576,656,920
215114,2,1104,468,636
215114,4,472,188,284
215123,1,3093,1195,1898
215123,4,3093,1195,1898
215132,1,2422,843,1579
215132,2,1193,435,758
215132,4,1229,408,821
215239,1,23138,8198,14940
215239,2,23138,8198,14940
215266,1,1393,614,779
215266,2,1393,614,779
215275,1,1640,763,877
215275,2,1640,763,877
215284,1,2732,1514,1218
215284,2,2732,1514,1218
215293,1,31667,14617,17050
215293,2,20856,10018,10838
215293,4,10811,4599,6212
215309,1,252,75,177
215309,2,252,75,177
215336,1,57,1,56
215336,2,57,1,56
215381,1,1167,1081,86
215381,2,1167,1081,86
215390,1,261,104,157
215390,2,261,104,157
215415,1,2477,1364,1113
215415,2,2477,1364,1113
215424,1,213,108,105
215424,4,213,108,105
215442,1,4981,2003,2978
215442,2,3734,1500,2234
215442,4,1247,503,744
215479,1,67,10,57
215479,2,67,10,57
215530,1,98,6,92
215530,2,98,6,92
215585,1,5977,2233,3744
215585,2,5977,2233,3744
215594,1,436,84,352
215594,2,436,84,352
215619,1,35,11,24
215619,4,35,11,24
215628,1,114,103,11
215628,4,114,103,11
215637,1,356,146,210
215637,2,356,146,210
215655,1,5514,2977,2537
215655,2,4375,2449,1926
215655,4,1139,528,611
215682,1,633,594,39
215682,2,633,594,39
215691,1,1173,338,835
215691,2,646,231,415
215691,4,527,107,420
215743,1,3670,1274,2396
215743,2,2893,1016,1877
215743,4,777,258,519
215770,1,8805,3642,5163
215770,2,5109,2327,2782
215770,4,3696,1315,2381
215798,1,1989,1079,910
215798,2,1765,979,786
215798,4,224,100,124
215813,1,56,55,1
215813,4,56,55,1
215886,1,78,27,51
215886,2,78,27,51
215929,1,5922,2434,3488
215929,2,3801,1656,2145
215929,4,2121,778,1343
215947,1,3787,1388,2399
215947,2,3259,1229,2030
215947,4,528,159,369
215974,1,409,50,359
215974,2,409,50,359
215983,1,89,9,80
215983,2,89,9,80
215992,1,304,100,204
215992,2,304,100,204
216010,1,7138,3309,3829
216010,2,5872,2849,3023
216010,4,1266,460,806
216038,1,10366,4188,6178
216038,2,8432,3749,4683
216038,4,1934,439,1495
216047,1,305,252,53
216047,2,76,70,6
216047,4,229,182,47
216074,1,120,4,116
216074,2,120,4,116
216083,1,528,227,301
216083,2,528,227,301
216162,1,355,48,307
216162,2,355,48,307
216223,1,84,5,79
216223,2,84,5,79
216278,1,2473,1069,1404
216278,2,2469,1068,1401
216278,4,4,1,3
216287,1,1660,814,846
216287,2,1660,814,846
216296,1,1535,1309,226
216296,2,1535,1309,226
216311,1,125,125,0
216311,2,125,125,0
216339,1,43154,19920,23234
216339,2,31632,14765,16867
216339,4,11522,5155,6367
216348,1,21,17,4
216348,4,21,17,4
216357,1,783,437,346
216357,2,783,437,346
216366,1,8773,2676,6097
216366,2,3980,1090,2890
216366,4,4793,1586,3207
216418,1,215,82,133
216418,2,215,82,133
216427,1,29,28,1
216427,2,29,28,1
216436,1,266,242,24
216436,2,266,242,24
216445,1,218,197,21
216445,2,218,197,21
216454,1,205,187,18
216454,2,205,187,18
216463,1,288,212,76
216463,4,288,212,76
216524,1,1472,734,738
216524,2,1472,734,738
216542,1,792,386,406
216542,2,707,337,370
216542,4,85,49,36
216551,1,346,305,41
216551,2,346,305,41
216579,1,134,2,132
216579,2,134,2,132
216597,1,12719,5982,6737
216597,2,7676,3501,4175
216597,4,5043,2481,2562
216630,1,108,13,95
216630,2,108,13,95
216667,1,1415,716,699
216667,2,1411,714,697
216667,4,4,2,2
216694,1,1884,777,1107
216694,2,1361,582,779
216694,4,523,195,328
216746,1,110,97,13
216746,2,110,97,13
216764,1,19646,7757,11889
216764,2,15952,6574,9378
216764,4,3694,1183,2511
216773,1,130,15,115
216773,2,130,15,115
216782,1,345,33,312
216782,2,345,33,312
216807,1,1366,626,740
216807,2,1264,595,669
216807,4,102,31,71
216816,1,857,586,271
216816,4,857,586,271
216825,1,7243,2678,4565
216825,2,7243,2678,4565
216852,1,7471,2541,4930
216852,2,3546,1494,2052
216852,4,3925,1047,2878
216931,1,6978,2464,4514
216931,2,2747,1440,1307
216931,4,4231,1024,3207
216940,1,258,258,0
216940,2,258,258,0
217013,1,2342,510,1832
217013,2,1210,270,940
217013,4,1132,240,892
217040,1,39,39,0
217040,2,37,37,0
217040,4,2,2,0
217059,1,4823,2196,2627
217059,2,4455,2052,2403
217059,4,368,144,224
217077,1,1379,507,872
217077,2,1379,507,872
217156,1,10760,5097,5663
217156,2,7428,3368,4060
217156,4,3332,1729,1603
217165,1,4098,2465,1633
217165,2,3575,2218,1357
217165,4,523,247,276
217235,1,8227,3293,4934
217235,2,7399,2997,4402
217235,4,828,296,532
217305,1,3609,2317,1292
217305,2,3406,2238,1168
217305,4,203,79,124
217323,1,743,704,39
217323,2,743,704,39
217402,1,5310,2342,2968
217402,2,4604,2052,2552
217402,4,706,290,416
217420,1,9500,2896,6604
217420,2,7998,2569,5429
217420,4,1502,327,1175
217475,1,18917,7850,11067
217475,2,18917,7850,11067
217484,1,20628,8935,11693
217484,2,17179,7515,9664
217484,4,3449,1420,2029
217493,1,2542,842,1700
217493,2,2049,661,1388
217493,4,493,181,312
217518,1,5411,2544,2867
217518,2,5033,2378,2655
217518,4,378,166,212
217536,1,2886,985,1901
217536,2,2059,691,1368
217536,4,827,294,533
217581,1,135,2,133
217581,2,135,2,133
217606,1,392,231,161
217606,2,338,188,150
217606,4,54,43,11
217615,1,3097,1114,1983
217615,2,3097,1114,1983
217624,1,873,473,400
217624,2,803,439,364
217624,4,70,34,36
217633,1,3828,1278,2550
217633,2,3074,945,2129
217633,4,754,333,421
217688,1,4796,1763,3033
217688,2,3942,1446,2496
217688,4,854,317,537
217712,1,3174,1008,2166
217712,2,3174,1008,2166
217721,1,2312,1103,1209
217721,2,2312,1103,1209
217749,1,3455,1611,1844
217749,2,2971,1325,1646
217749,4,484,286,198
217776,1,1815,606,1209
217776,2,1367,533,834
217776,4,448,73,375
217794,1,206,14,192
217794,2,206,14,192
217819,1,12907,4356,8551
217819,2,10756,3890,6866
217819,4,2151,466,1685
217828,1,74,3,71
217828,2,74,3,71
217837,1,1972,653,1319
217837,2,1972,653,1319
217864,1,4458,3401,1057
217864,2,3233,2822,411
217864,4,1225,579,646
217873,1,2383,776,1607
217873,2,2245,731,1514
217873,4,138,45,93
217882,1,28310,14678,13632
217882,2,21504,11248,10256
217882,4,6806,3430,3376
217891,1,249,157,92
217891,2,249,157,92
217907,1,1538,661,877
217907,2,1328,588,740
217907,4,210,73,137
217925,1,1697,861,836
217925,2,715,348,367
217925,4,982,513,469
217934,1,1610,361,1249
217934,2,1457,310,1147
217934,4,153,51,102
217961,1,2847,392,2455
217961,2,901,8,893
217961,4,1946,384,1562
217989,1,842,321,521
217989,2,842,321,521
217998,1,869,541,328
217998,2,622,348,274
217998,4,247,193,54
218025,1,5335,1827,3508
218025,2,5335,1827,3508
218043,1,77,10,67
218043,2,77,10,67
218061,1,4395,1304,3091
218061,2,3836,1214,2622
218061,4,559,90,469
218070,1,3143,1197,1946
218070,2,2828,1152,1676
218070,4,315,45,270
218113,1,14730,5906,8824
218113,2,14730,5906,8824
218140,1,8785,3147,5638
218140,2,8785,3147,5638
218159,1,182,8,174
218159,2,182,8,174
218195,1,194,11,183
218195,2,194,11,183
218229,1,3284,1031,2253
218229,2,3135,1007,2128
218229,4,149,24,125
218238,1,2758,1194,1564
218238,2,2662,1149,1513
218238,4,96,45,51
218335,1,3402,1242,2160
218335,2,418,64,354
218335,4,2984,1178,1806
218353,1,13163,5104,8059
218353,2,13163,5104,8059
218399,1,795,324,471
218399,2,795,324,471
218414,1,1268,720,548
218414,2,1268,720,548
218441,1,3000,1400,1600
218441,2,2571,1219,1352
218441,4,429,181,248
218487,1,3385,1162,2223
218487,2,3385,1162,2223
218520,1,6133,2130,4003
218520,2,6133,2130,4003
218539,1,1422,644,778
218539,2,1160,576,584
218539,4,262,68,194
218645,1,4376,1478,2898
218645,2,3673,1271,2402
218645,4,703,207,496
218654,1,2375,772,1603
218654,2,2375,772,1603
218663,1,37510,16732,20778
218663,2,28022,13089,14933
218663,4,9488,3643,5845
218672,1,2107,811,1296
218672,2,2107,811,1296
218681,1,1120,409,711
218681,2,1120,409,711
218690,1,1379,645,734
218690,2,1379,645,734
218706,1,1445,585,860
218706,2,1445,585,860
218724,1,11982,5344,6638
218724,2,10719,4994,5725
218724,4,1263,350,913
218733,1,3283,1472,1811
218733,2,2655,1325,1330
218733,4,628,147,481
218742,1,7249,2401,4848
218742,2,6785,2338,4447
218742,4,464,63,401
218751,1,490,249,241
218751,4,490,249,241
218821,1,920,454,466
218821,2,920,454,466
218830,1,6244,2562,3682
218830,2,6244,2562,3682
218858,1,4698,1488,3210
218858,2,4698,1488,3210
218867,1,37,2,35
218867,2,37,2,35
218885,1,7722,3644,4078
218885,2,7722,3644,4078
218894,1,17167,6728,10439
218894,2,17167,6728,10439
218919,1,528,242,286
218919,2,528,242,286
218955,1,1016,392,624
218955,2,1016,392,624
218964,1,6801,1970,4831
218964,2,5422,1661,3761
218964,4,1379,309,1070
218973,1,1712,808,904
218973,2,1712,808,904
218991,1,5819,2401,3418
218991,2,5819,2401,3418
219000,1,2282,787,1495
219000,2,1866,699,1167
219000,4,416,88,328
219037,1,102,1,101
219037,2,102,1,101
219046,1,5768,2063,3705
219046,2,5185,1908,3277
219046,4,583,155,428
219082,1,5315,2972,2343
219082,2,4330,2408,1922
219082,4,985,564,421
219091,1,1065,456,609
219091,2,958,395,563
219091,4,107,61,46
219125,1,123,4,119
219125,2,123,4,119
219143,1,2623,1346,1277
219143,2,2623,1346,1277
219170,1,32,8,24
219170,2,32,8,24
219189,1,1449,912,537
219189,2,1449,912,537
219198,1,1763,738,1025
219198,2,1433,638,795
219198,4,330,100,230
219204,1,3905,1374,2531
219204,2,3680,1198,2482
219204,4,225,176,49
219213,1,166,27,139
219213,2,166,27,139
219240,1,448,301,147
219240,4,448,301,147
219259,1,4770,1838,2932
219259,2,4143,1691,2452
219259,4,627,147,480
219277,1,1818,605,1213
219277,2,1769,584,1185
219277,4,49,21,28
219295,1,806,264,542
219295,2,790,264,526
219295,4,16,0,16
219338,1,15,1,14
219338,2,15,1,14
219347,1,3076,2274,802
219347,2,2652,1960,692
219347,4,424,314,110
219356,1,14785,6642,8143
219356,2,12718,5782,6936
219356,4,2067,860,1207
219374,1,896,276,620
219374,2,745,232,513
219374,4,151,44,107
219383,1,1956,748,1208
219383,2,1542,570,972
219383,4,414,178,236
219392,1,23,5,18
219392,2,23,5,18
219408,1,267,102,165
219408,2,267,102,165
219426,1,2995,1334,1661
219426,2,2995,1334,1661
219453,1,185,3,182
219453,2,185,3,182
219471,1,12904,4783,8121
219471,2,9117,3390,5727
219471,4,3787,1393,2394
219480,1,1581,677,904
219480,2,1581,677,904
219505,1,133,89,44
219505,2,133,89,44
219587,1,89,2,87
219587,2,89,2,87
219596,1,750,478,272
219596,2,750,478,272
219602,1,12707,5171,7536
219602,2,11373,4740,6633
219602,4,1334,431,903
219639,1,1236,130,1106
219639,2,1216,128,1088
219639,4,20,2,18
219709,1,8733,3089,5644
219709,2,6991,2481,4510
219709,4,1742,608,1134
219718,1,6523,2713,3810
219718,2,5339,2298,3041
219718,4,1184,415,769
219790,1,1667,751,916
219790,2,1426,648,778
219790,4,241,103,138
219806,1,3126,1143,1983
219806,2,1985,810,1175
219806,4,1141,333,808
219824,1,10630,4154,6476
219824,2,10630,4154,6476
219833,1,2330,1089,1241
219833,2,1855,899,956
219833,4,475,190,285
219842,1,677,462,215
219842,2,300,217,83
219842,4,377,245,132
219851,1,137,4,133
219851,2,137,4,133
219879,1,4284,1833,2451
219879,2,4284,1833,2451
219888,1,8199,3290,4909
219888,2,8199,3290,4909
219903,1,2407,232,2175
219903,2,2407,232,2175
219921,1,396,261,135
219921,2,396,261,135
219949,1,2813,1232,1581
219949,2,2321,1035,1286
219949,4,492,197,295
219976,1,5980,2232,3748
219976,2,3622,1435,2187
219976,4,2358,797,1561
219994,1,1200,717,483
219994,2,1200,717,483
220002,1,234,56,178
220002,2,234,56,178
220057,1,3746,1187,2559
220057,2,3746,1187,2559
220075,1,16350,6533,9817
220075,2,12829,5405,7424
220075,4,3521,1128,2393
220118,1,503,47,456
220118,2,503,47,456
220127,1,780,367,413
220127,2,780,367,413
220163,1,59,4,55
220163,2,59,4,55
220181,1,800,245,555
220181,2,761,234,527
220181,4,39,11,28
220206,1,441,206,235
220206,2,403,173,230
220206,4,38,33,5
220215,1,2347,926,1421
220215,2,1651,698,953
220215,4,696,228,468
220251,1,726,420,306
220251,2,726,420,306
220279,1,950,573,377
220279,2,950,573,377
220321,1,916,528,388
220321,2,916,528,388
220394,1,328,172,156
220394,2,328,172,156
220400,1,6590,2281,4309
220400,2,6590,2281,4309
220464,1,196,89,107
220464,2,196,89,107
220473,1,1379,729,650
220473,2,943,502,441
220473,4,436,227,209
220491,1,358,10,348
220491,2,358,10,348
220516,1,2771,961,1810
220516,2,2204,797,1407
220516,4,567,164,403
220552,1,4893,1046,3847
220552,2,4009,741,3268
220552,4,884,305,579
220598,1,1325,703,622
220598,2,1325,703,622
220604,1,1004,314,690
220604,2,1004,314,690
220613,1,5985,2386,3599
220613,2,5363,2110,3253
220613,4,622,276,346
220631,1,5587,1928,3659
220631,2,2177,613,1564
220631,4,3410,1315,2095
220640,1,1293,755,538
220640,2,1293,755,538
220701,1,985,378,607
220701,2,966,367,599
220701,4,19,11,8
220710,1,1226,543,683
220710,2,1226,543,683
220756,1,297,242,55
220756,2,297,242,55
220765,1,436,97,339
220765,2,436,97,339
220792,1,848,366,482
220792,4,848,366,482
220808,1,125,43,82
220808,2,114,38,76
220808,4,11,5,6
220853,1,1975,1287,688
220853,2,1975,1287,688
220862,1,24603,9951,14652
220862,2,19628,8023,11605
220862,4,4975,1928,3047
220871,1,254,151,103
220871,4,254,151,103
220978,1,25239,11398,13841
220978,2,22234,10272,11962
220978,4,3005,1126,1879
220996,1,336,159,177
220996,4,336,159,177
221050,1,1380,997,383
221050,2,1380,997,383
221096,1,8577,3321,5256
221096,2,8577,3321,5256
221102,1,962,626,336
221102,2,962,626,336
221148,1,2239,2135,104
221148,2,2239,2135,104
221157,1,90,6,84
221157,2,90,6,84
221184,1,11161,4453,6708
221184,2,11161,4453,6708
221236,1,662,460,202
221236,2,662,460,202
221281,1,529,221,308
221281,2,529,221,308
221333,1,1020,735,285
221333,2,1020,735,285
221351,1,2120,915,1205
221351,2,2086,899,1187
221351,4,34,16,18
221388,1,369,148,221
221388,2,369,148,221
221397,1,7178,2390,4788
221397,2,7178,2390,4788
221430,1,636,498,138
221430,2,636,498,138
221485,1,13176,4799,8377
221485,2,13176,4799,8377
221494,1,864,590,274
221494,2,864,590,274
221519,1,2004,982,1022
221519,2,1815,879,936
221519,4,189,103,86
221582,1,484,322,162
221582,2,484,322,162
221591,1,770,483,287
221591,2,770,483,287
221607,1,455,261,194
221607,2,455,261,194
221616,1,1152,743,409
221616,2,1152,743,409
221625,1,1762,978,784
221625,2,1762,978,784
221634,1,365,207,158
221634,2,365,207,158
221643,1,15089,6972,8117
221643,2,15089,6972,8117
221661,1,3236,1257,1979
221661,2,2740,1148,1592
221661,4,496,109,387
221670,1,534,187,347
221670,4,534,187,347
221731,1,1108,400,708
221731,2,1071,389,682
221731,4,37,11,26
221740,1,12718,5587,7131
221740,2,11038,4880,6158
221740,4,1680,707,973
221759,1,31477,15307,16170
221759,2,24447,12051,12396
221759,4,7030,3256,3774
221768,1,8264,3257,5007
221768,2,7744,3100,4644
221768,4,520,157,363
221829,1,362,10,352
221829,2,362,10,352
221838,1,8723,3216,5507
221838,2,6761,2564,4197
221838,4,1962,652,1310
221847,1,11154,5955,5199
221847,2,9742,5339,4403
221847,4,1412,616,796
221892,1,5017,1670,3347
221892,2,2764,1048,1716
221892,4,2253,622,1631
221908,1,7465,3506,3959
221908,2,7465,3506,3959
221953,1,2200,951,1249
221953,2,1709,799,910
221953,4,491,152,339
221971,1,3718,1206,2512
221971,2,2400,793,1607
221971,4,1318,413,905
221999,1,13634,6012,7622
221999,2,6974,3402,3572
221999,4,6660,2610,4050
222053,1,11772,4631,7141
222053,2,11772,4631,7141
222062,1,7739,2910,4829
222062,2,7739,2910,4829
222105,1,498,472,26
222105,2,498,472,26
222178,1,5864,2191,3673
222178,2,3594,1461,2133
222178,4,2270,730,1540
222567,1,8115,3404,4711
222567,2,8115,3404,4711
222576,1,12510,4546,7964
222576,2,12510,4546,7964
222628,1,2050,711,1339
222628,2,359,130,229
222628,4,1691,581,1110
222822,1,6382,2298,4084
222822,2,6382,2298,4084
222831,1,11737,4819,6918
222831,2,9384,4060,5324
222831,4,2353,759,1594
222877,1,184,114,70
222877,2,174,105,69
222877,4,10,9,1
222886,1,390,30,360
222886,2,390,30,360
222938,1,1294,652,642
222938,2,1294,652,642
222983,1,1317,649,668
222983,2,1278,637,641
222983,4,39,12,27
222992,1,58856,25410,33446
222992,2,58856,25410,33446
223001,1,168,76,92
223001,4,168,76,92
223056,1,106,8,98
223056,2,106,8,98
223083,1,1039,179,860
223083,2,1034,179,855
223083,4,5,0,5
223117,1,178,152,26
223117,2,85,77,8
223117,4,93,75,18
223223,1,1648,744,904
223223,4,1648,744,904
223232,1,18956,8115,10841
223232,2,14751,5975,8776
223232,4,4205,2140,2065
223320,1,6472,2503,3969
223320,2,6472,2503,3969
223427,1,28151,13219,14932
223427,2,28151,13219,14932
223463,1,1237,372,865
223463,2,1237,372,865
223472,1,370,29,341
223472,2,370,29,341
223506,1,6278,3051,3227
223506,2,6278,3051,3227
223524,1,25659,10360,15299
223524,2,25659,10360,15299
223773,1,16540,6301,10239
223773,2,16540,6301,10239
223816,1,28248,13884,14364
223816,2,28248,13884,14364
223852,1,39,0,39
223852,2,39,0,39
223898,1,4763,1775,2988
223898,2,4763,1775,2988
223922,1,3775,2015,1760
223922,2,3775,2015,1760
224004,1,3038,986,2052
224004,2,2066,674,1392
224004,4,972,312,660
224110,1,15133,6438,8695
224110,2,15133,6438,8695
224147,1,14249,5646,8603
224147,2,11151,4474,6677
224147,4,3098,1172,1926
224156,1,509,27,482
224156,2,509,27,482
224226,1,5788,2306,3482
224226,2,3541,1493,2048
224226,4,2247,813,1434
224244,1,238,140,98
224244,2,238,140,98
224271,1,366,141,225
224271,2,366,141,225
224305,1,2912,1800,1112
224305,4,2912,1800,1112
224323,1,2851,1485,1366
224323,2,1568,749,819
224323,4,1283,736,547
224350,1,16264,6817,9447
224350,2,16264,6817,9447
224527,1,1717,772,945
224527,2,1540,690,850
224527,4,177,82,95
224545,1,2515,969,1546
224545,2,2006,788,1218
224545,4,509,181,328
224554,1,14618,5592,9026
224554,2,9293,3733,5560
224554,4,5325,1859,3466
224572,1,28791,11504,17287
224572,2,28791,11504,17287
224615,1,20508,6878,13630
224615,2,20508,6878,13630
224642,1,38292,16371,21921
224642,2,38292,16371,21921
224660,1,744,459,285
224660,2,744,459,285
224679,1,1751,1496,255
224679,2,1751,1496,255
224712,1,124,44,80
224712,4,124,44,80
224758,1,57,0,57
224758,2,57,0,57
224776,1,853,406,447
224776,2,846,405,441
224776,4,7,1,6
224828,1,116,2,114
224828,2,116,2,114
224891,1,1789,790,999
224891,2,1789,790,999
224961,1,3396,1331,2065
224961,2,3396,1331,2065
225070,1,5522,2149,3373
225070,2,5522,2149,3373
225201,1,1166,786,380
225201,2,1135,766,369
225201,4,31,20,11
225247,1,2555,1221,1334
225247,2,1850,872,978
225247,4,705,349,356
225308,1,9896,4373,5523
225308,2,9896,4373,5523
225371,1,7013,2823,4190
225371,2,7013,2823,4190
225399,1,4374,1402,2972
225399,2,2841,1000,1841
225399,4,1533,402,1131
225414,1,10992,4084,6908
225414,2,7737,2893,4844
225414,4,3255,1191,2064
225423,1,81570,33368,48202
225423,2,81570,33368,48202
225432,1,17682,7034,10648
225432,2,15482,6123,9359
225432,4,2200,911,1289
225502,1,5465,1894,3571
225502,2,3934,1386,2548
225502,4,1531,508,1023
225511,1,51999,25696,26303
225511,2,42723,21305,21418
225511,4,9276,4391,4885
225520,1,5535,2103,3432
225520,2,5535,2103,3432
225548,1,1343,716,627
225548,2,1218,632,586
225548,4,125,84,41
225575,1,1138,431,707
225575,2,1135,430,705
225575,4,3,1,2
225627,1,10950,4632,6318
225627,2,7378,3029,4349
225627,4,3572,1603,1969
225779,1,20,9,11
225779,2,20,9,11
225788,1,139,44,95
225788,2,139,44,95
225876,1,1229,535,694
225876,2,1229,535,694
225885,1,1110,492,618
225885,2,1110,492,618
225991,1,138,76,62
225991,2,138,76,62
226019,1,7108,2868,4240
226019,2,7108,2868,4240
226091,1,19727,6798,12929
226091,2,10849,4449,6400
226091,4,8878,2349,6529
226107,1,3003,939,2064
226107,2,3003,939,2064
226116,1,3050,1153,1897
226116,2,3050,1153,1897
226125,1,169,11,158
226125,2,169,11,158
226134,1,13381,5858,7523
226134,2,13381,5858,7523
226152,1,9511,3706,5805
226152,2,8158,3252,4906
226152,4,1353,454,899
226204,1,10799,5900,4899
226204,2,10799,5900,4899
226231,1,4624,2144,2480
226231,2,4038,2022,2016
226231,4,586,122,464
226277,1,1379,1320,59
226277,2,1379,1320,59
226383,1,2084,725,1359
226383,2,1619,647,972
226383,4,465,78,387
226408,1,5932,2389,3543
226408,2,5932,2389,3543
226471,1,4198,1480,2718
226471,2,3617,1267,2350
226471,4,581,213,368
226578,1,13980,4679,9301
226578,2,13980,4679,9301
226587,1,1339,676,663
226587,2,1335,674,661
226587,4,4,2,2
226675,1,434,62,372
226675,2,434,62,372
226806,1,9248,3702,5546
226806,2,9248,3702,5546
226833,1,7039,2684,4355
226833,2,6140,2409,3731
226833,4,899,275,624
226860,1,58,7,51
226860,2,58,7,51
226879,1,214,37,177
226879,2,214,37,177
226903,1,1642,870,772
226903,2,1642,870,772
226930,1,19574,7894,11680
226930,2,19574,7894,11680
227058,1,240,3,237
227058,2,240,3,237
227146,1,11869,4709,7160
227146,2,11869,4709,7160
227155,1,51,4,47
227155,2,51,4,47
227182,1,109742,44175,65567
227182,2,109742,44175,65567
227191,1,20295,8615,11680
227191,2,20295,8615,11680
227216,1,43963,20260,23703
227216,2,35111,16863,18248
227216,4,8852,3397,5455
227225,1,4575,1736,2839
227225,2,4575,1736,2839
227289,1,196,143,53
227289,4,196,143,53
227298,1,303,281,22
227298,2,303,281,22
227304,1,9163,3607,5556
227304,2,9163,3607,5556
227313,1,418,9,409
227313,2,418,9,409
227322,1,491,13,478
227322,2,491,13,478
227331,1,3777,921,2856
227331,2,1499,489,1010
227331,4,2278,432,1846
227368,1,33766,14251,19515
227368,2,28355,12261,16094
227368,4,5411,1990,3421
227377,1,9761,4286,5475
227377,2,9761,4286,5475
227386,1,3485,1091,2394
227386,2,3485,1091,2394
227401,1,7204,2722,4482
227401,2,7204,2722,4482
227429,1,774,340,434
227429,2,774,340,434
227526,1,10565,3852,6713
227526,2,9260,3386,5874
227526,4,1305,466,839
227687,1,3537,1595,1942
227687,2,3537,1595,1942
227748,1,440,405,35
227748,2,440,405,35
227757,1,7542,4326,3216
227757,2,4145,2183,1962
227757,4,3397,2143,1254
227766,1,36097,15968,20129
227766,2,36097,15968,20129
227845,1,4682,1747,2935
227845,2,3985,1520,2465
227845,4,697,227,470
227854,1,20890,8749,12141
227854,2,20890,8749,12141
227863,1,3890,1400,2490
227863,2,2172,848,1324
227863,4,1718,552,1166
227881,1,23705,8822,14883
227881,2,20397,7789,12608
227881,4,3308,1033,2275
227924,1,29795,11847,17948
227924,2,29795,11847,17948
227979,1,42820,17640,25180
227979,2,42820,17640,25180
228042,1,1807,687,1120
228042,2,1610,619,991
228042,4,197,68,129
228088,1,36,5,31
228088,2,36,5,31
228149,1,3899,1775,2124
228149,2,2493,1127,1366
228149,4,1406,648,758
228158,1,12332,5155,7177
228158,2,12332,5155,7177
228185,1,66,55,11
228185,2,66,55,11
228194,1,998,490,508
228194,4,998,490,508
228200,1,751,343,408
228200,2,751,343,408
228219,1,713,147,566
228219,2,713,147,566
228246,1,12825,6627,6198
228246,2,6947,3558,3389
228246,4,5878,3069,2809
228282,1,128,8,120
228282,2,128,8,120
228316,1,8612,3498,5114
228316,2,8612,3498,5114
228325,1,2558,1206,1352
228325,2,2038,960,1078
228325,4,520,246,274
228343,1,1480,662,818
228343,2,1480,662,818
228431,1,14948,5316,9632
228431,2,12638,4655,7983
228431,4,2310,661,1649
228459,1,42780,17812,24968
228459,2,37378,15913,21465
228459,4,5402,1899,3503
228468,1,918,372,546
228468,2,860,351,509
228468,4,58,21,37
228486,1,104,53,51
228486,2,104,53,51
228501,1,2755,1133,1622
228501,2,2142,894,1248
228501,4,613,239,374
228529,1,15191,5794,9397
228529,2,12758,4954,7804
228529,4,2433,840,1593
228547,1,76163,31229,44934
228547,2,76163,31229,44934
228608,1,6808,2289,4519
228608,2,6808,2289,4519
228635,1,2514,1190,1324
228635,4,2514,1190,1324
228644,1,3881,1546,2335
228644,2,1234,483,751
228644,4,2647,1063,1584
228653,1,4054,1169,2885
228653,2,1044,179,865
228653,4,3010,990,2020
228699,1,5615,2108,3507
228699,2,5615,2108,3507
228705,1,9764,4979,4785
228705,2,7821,3933,3888
228705,4,1943,1046,897
228723,1,73267,38827,34440
228723,2,56527,29758,26769
228723,4,16740,9069,7671
228769,1,60035,21084,38951
228769,2,42763,15492,27271
228769,4,17272,5592,11680
228778,1,55128,26124,29004
228778,2,43132,19976,23156
228778,4,11996,6148,5848
228787,1,31419,17768,13651
228787,2,21317,12080,9237
228787,4,10102,5688,4414
228796,1,29881,13641,16240
228796,2,25072,11612,13460
228796,4,4809,2029,2780
228802,1,12024,4835,7189
228802,2,8513,3708,4805
228802,4,3511,1127,2384
228866,1,323,157,166
228866,4,323,157,166
228875,1,11499,4797,6702
228875,2,9780,4057,5723
228875,4,1719,740,979
228884,1,1278,710,568
228884,2,1278,710,568
228909,1,2420,971,1449
228909,4,2420,971,1449
228981,1,1550,755,795
228981,2,1514,736,778
228981,4,36,19,17
229018,1,8165,3344,4821
229018,2,6046,2509,3537
229018,4,2119,835,1284
229027,1,35755,17601,18154
229027,2,30742,15422,15320
229027,4,5013,2179,2834
229063,1,10979,4643,6336
229063,2,8651,3737,4914
229063,4,2328,906,1422
229115,1,41153,21257,19896
229115,2,33618,17858,15760
229115,4,7535,3399,4136
229160,1,3019,1289,1730
229160,2,2020,957,1063
229160,4,999,332,667
229179,1,19075,2309,16766
229179,2,12255,1543,10712
229179,4,6820,766,6054
229267,1,2774,1293,1481
229267,2,2540,1199,1341
229267,4,234,94,140
229300,1,6553,1959,4594
229300,2,1018,151,867
229300,4,5535,1808,3727
229337,1,7315,1879,5436
229337,2,2685,450,2235
229337,4,4630,1429,3201
229355,1,16477,6331,10146
229355,2,16477,6331,10146
229416,1,1891,1820,71
229416,2,1891,1820,71
229425,1,296,8,288
229425,2,296,8,288
229504,1,4017,1419,2598
229504,2,4017,1419,2598
229522,1,137,18,119
229522,2,137,18,119
229540,1,4988,1622,3366
229540,2,4988,1622,3366
229656,1,490,24,466
229656,2,490,24,466
229780,1,6603,3255,3348
229780,2,4877,2426,2451
229780,4,1726,829,897
229799,1,6994,2616,4378
229799,2,6994,2616,4378
229814,1,11875,5020,6855
229814,2,8462,3534,4928
229814,4,3413,1486,1927
229832,1,4917,2527,2390
229832,2,4917,2527,2390
229841,1,9699,4131,5568
229841,2,9699,4131,5568
229887,1,1120,494,626
229887,2,1120,494,626
229957,1,52,5,47
229957,2,52,5,47
230010,1,2358,1310,1048
230010,2,2358,1310,1048
230038,1,39233,19769,19464
230038,2,35951,17862,18089
230038,4,3282,1907,1375
230047,1,3875,1526,2349
230047,2,3875,1526,2349
230056,1,134,14,120
230056,2,134,14,120
230065,1,306,4,302
230065,2,306,4,302
230144,1,41,1,40
230144,2,41,1,40
230162,1,5791,3517,2274
230162,2,5791,3517,2274
230171,1,12263,5278,6985
230171,2,12236,5259,6977
230171,4,27,19,8
230199,1,83,3,80
230199,2,83,3,80
230205,1,65,9,56
230205,2,65,9,56
230214,1,420,67,353
230214,2,420,67,353
230366,1,461,57,404
230366,2,458,57,401
230366,4,3,0,3
230418,1,2760,1488,1272
230418,2,2760,1488,1272
230490,1,3837,2151,1686
230490,2,3837,2151,1686
230597,1,6368,2940,3428
230597,2,6368,2940,3428
230603,1,14369,5565,8804
230603,2,13067,4994,8073
230603,4,1302,571,731
230621,1,273,73,200
230621,2,273,73,200
230630,1,157,87,70
230630,2,157,87,70
230676,1,1895,1269,626
230676,2,1895,1269,626
230728,1,32963,14937,18026
230728,2,28949,13218,15731
230728,4,4014,1719,2295
230737,1,45080,23964,21116
230737,2,44361,23548,20813
230737,4,719,416,303
230746,1,41007,19262,21745
230746,2,41007,19262,21745
230764,1,38652,20142,18510
230764,2,29554,15282,14272
230764,4,9098,4860,4238
230782,1,36043,16082,19961
230782,2,35039,15621,19418
230782,4,1004,461,543
230807,1,2788,1112,1676
230807,2,2195,864,1331
230807,4,593,248,345
230816,1,886,307,579
230816,2,783,279,504
230816,4,103,28,75
230834,1,3418,1286,2132
230834,2,2165,999,1166
230834,4,1253,287,966
230852,1,6060,3408,2652
230852,2,4925,2878,2047
230852,4,1135,530,605
230861,1,9567,3144,6423
230861,2,9567,3144,6423
230889,1,480,129,351
230889,2,200,52,148
230889,4,280,77,203
230913,1,3124,1258,1866
230913,2,2623,1161,1462
230913,4,501,97,404
230940,1,258,104,154
230940,2,258,104,154
230959,1,4751,2075,2676
230959,2,3931,1804,2127
230959,4,820,271,549
230977,1,124,68,56
230977,2,124,68,56
230995,1,4880,3703,1177
230995,2,3693,2877,816
230995,4,1187,826,361
231004,1,112,7,105
231004,2,112,7,105
231059,1,2870,1056,1814
231059,2,1927,876,1051
231059,4,943,180,763
231068,1,243,79,164
231068,4,243,79,164
231095,1,225,119,106
231095,2,225,119,106
231147,1,780,313,467
231147,4,780,313,467
231165,1,2119,1096,1023
231165,2,2110,1089,1021
231165,4,9,7,2
231174,1,15698,6387,9311
231174,2,13253,5440,7813
231174,4,2445,947,1498
231280,1,145,10,135
231280,2,145,10,135
231411,1,692,644,48
231411,2,692,644,48
231420,1,999,578,421
231420,2,999,578,421
231536,1,5603,2234,3369
231536,2,5603,2234,3369
231554,1,1426,647,779
231554,2,1176,564,612
231554,4,250,83,167
231581,1,1922,858,1064
231581,2,1876,842,1034
231581,4,46,16,30
231624,1,9765,4294,5471
231624,2,6825,2883,3942
231624,4,2940,1411,1529
231651,1,12748,4847,7901
231651,2,5409,2107,3302
231651,4,7339,2740,4599
231688,1,28,3,25
231688,2,28,3,25
231697,1,5491,2449,3042
231697,2,5491,2449,3042
231712,1,5117,2260,2857
231712,2,4948,2206,2742
231712,4,169,54,115
231721,1,29,2,27
231721,2,29,2,27
231785,1,2458,428,2030
231785,2,2458,428,2030
231837,1,1258,251,1007
231837,2,888,177,711
231837,4,370,74,296
231873,1,1387,522,865
231873,2,1387,522,865
231882,1,3999,1739,2260
231882,2,3999,1739,2260
231970,1,1436,576,860
231970,4,1436,576,860
232016,1,265,59,206
232016,2,265,59,206
232025,1,1340,584,756
232025,2,1033,492,541
232025,4,307,92,215
232043,1,1866,594,1272
232043,2,1202,430,772
232043,4,664,164,500
232052,1,818,323,495
232052,2,818,323,495
232089,1,1155,646,509
232089,2,1155,646,509
232186,1,48678,22441,26237
232186,2,34722,16942,17780
232186,4,13956,5499,8457
232195,1,9583,3778,5805
232195,2,9583,3778,5805
232256,1,1090,1088,2
232256,2,1090,1088,2
232265,1,4802,1638,3164
232265,2,4097,1434,2663
232265,4,705,204,501
232308,1,948,67,881
232308,2,704,6,698
232308,4,244,61,183
232414,1,13001,5169,7832
232414,2,13001,5169,7832
232423,1,24152,10011,14141
232423,2,21829,9302,12527
232423,4,2323,709,1614
232450,1,14022,5898,8124
232450,2,14022,5898,8124
232557,1,111084,45984,65100
232557,2,60751,25979,34772
232557,4,50333,20005,30328
232566,1,5864,1734,4130
232566,2,5124,1636,3488
232566,4,740,98,642
232575,1,9054,3452,5602
232575,2,9054,3452,5602
232609,1,3477,1292,2185
232609,2,2196,852,1344
232609,4,1281,440,841
232618,1,435,30,405
232618,2,435,30,405
232672,1,2253,342,1911
232672,2,1452,210,1242
232672,4,801,132,669
232681,1,5171,1839,3332
232681,2,4752,1714,3038
232681,4,419,125,294
232706,1,4055,1337,2718
232706,2,2666,954,1712
232706,4,1389,383,1006
232724,1,37,4,33
232724,2,37,4,33
232788,1,3414,1364,2050
232788,2,3414,1364,2050
232797,1,2394,312,2082
232797,2,2308,275,2033
232797,4,86,37,49
232867,1,6192,3157,3035
232867,2,6192,3157,3035
232885,1,504,45,459
232885,2,486,44,442
232885,4,18,1,17
232919,1,1006,923,83
232919,2,1006,923,83
232937,1,5806,2021,3785
232937,2,5185,1812,3373
232937,4,621,209,412
232946,1,73642,35505,38137
232946,2,73642,35505,38137
232982,1,28046,12211,15835
232982,2,21854,9748,12106
232982,4,6192,2463,3729
233019,1,2932,1129,1803
233019,2,2932,1129,1803
233037,1,1784,636,1148
233037,2,1784,636,1148
233082,1,166,10,156
233082,2,166,10,156
233116,1,7178,3047,4131
233116,2,7178,3047,4131
233277,1,11085,4062,7023
233277,2,8365,3656,4709
233277,4,2720,406,2314
233286,1,152,24,128
233286,2,152,24,128
233295,1,1521,716,805
233295,2,1521,716,805
233301,1,655,244,411
233301,2,620,229,391
233301,4,35,15,20
233310,1,4041,1398,2643
233310,2,4041,1398,2643
233329,1,502,55,447
233329,2,502,55,447
233338,1,2746,1126,1620
233338,2,2746,1126,1620
233356,1,546,41,505
233356,2,546,41,505
233374,1,4602,2048,2554
233374,2,3752,1731,2021
233374,4,850,317,533
233408,1,413,34,379
233408,2,413,34,379
233426,1,2103,887,1216
233426,2,2103,887,1216
233480,1,31,5,26
233480,2,31,5,26
233541,1,4879,1551,3328
233541,2,2590,968,1622
233541,4,2289,583,1706
233602,1,73,39,34
233602,2,73,39,34
233611,1,1146,555,591
233611,2,1146,555,591
233639,1,4475,1604,2871
233639,2,4475,1604,2871
233648,1,3056,1095,1961
233648,2,3056,1095,1961
233666,1,37,2,35
233666,2,37,2,35
233684,1,8601,3140,5461
233684,2,6461,2327,4134
233684,4,2140,813,1327
233718,1,371,11,360
233718,2,370,11,359
233718,4,1,0,1
233754,1,11588,4702,6886
233754,2,11588,4702,6886
233772,1,31098,12631,18467
233772,2,31098,12631,18467
233842,1,164,63,101
233842,4,164,63,101
233897,1,3376,1143,2233
233897,2,3376,1143,2233
233903,1,3038,1219,1819
233903,2,3038,1219,1819
233921,1,36882,21086,15796
233921,2,28939,16567,12372
233921,4,7943,4519,3424
233949,1,9384,4334,5050
233949,2,9384,4334,5050
234030,1,33462,13223,20239
234030,2,25706,10331,15375
234030,4,7756,2892,4864
234076,1,28593,13410,15183
234076,2,18983,8874,10109
234076,4,9610,4536,5074
234085,1,1738,1511,227
234085,2,1738,1511,227
234119,1,59,27,32
234119,2,59,27,32
234137,1,318,202,116
234137,2,247,166,81
234137,4,71,36,35
234155,1,4836,2063,2773
234155,2,4361,1864,2497
234155,4,475,199,276
234164,1,1707,790,917
234164,2,1294,585,709
234164,4,413,205,208
234173,1,1664,669,995
234173,2,1535,620,915
234173,4,129,49,80
234207,1,2243,1139,1104
234207,2,1848,932,916
234207,4,395,207,188
234377,1,3355,1276,2079
234377,2,3355,1276,2079
234669,1,19966,8835,11131
234669,2,19966,8835,11131
234696,1,3378,1561,1817
234696,2,3378,1561,1817
234711,1,3242,1653,1589
234711,2,3242,1653,1589
234827,1,17678,8247,9431
234827,2,16355,7696,8659
234827,4,1323,551,772
234845,1,4753,1739,3014
234845,2,4753,1739,3014
234915,1,3177,1342,1835
234915,2,1346,638,708
234915,4,1831,704,1127
234924,1,409,50,359
234924,2,409,50,359
234933,1,13848,5911,7937
234933,2,13848,5911,7937
234951,1,6001,2186,3815
234951,2,6001,2186,3815
234979,1,9640,4466,5174
234979,2,9640,4466,5174
235024,1,654,217,437
235024,2,654,217,437
235088,1,425,413,12
235088,2,425,413,12
235097,1,15961,7046,8915
235097,2,13910,6437,7473
235097,4,2051,609,1442
235103,1,12680,6058,6622
235103,2,12680,6058,6622
235149,1,14441,6480,7961
235149,2,14441,6480,7961
235158,1,197,39,158
235158,2,197,39,158
235167,1,4036,1648,2388
235167,2,3688,1537,2151
235167,4,348,111,237
235237,1,10808,4174,6634
235237,2,10808,4174,6634
235307,1,217,10,207
235307,2,217,10,207
235316,1,8474,3621,4853
235316,2,5495,2593,2902
235316,4,2979,1028,1951
235334,1,2726,1297,1429
235334,2,2726,1297,1429
235343,1,12091,6145,5946
235343,2,12091,6145,5946
235352,1,67,6,61
235352,2,67,6,61
235422,1,1251,345,906
235422,2,950,254,696
235422,4,301,91,210
235431,1,9859,4009,5850
235431,2,9859,4009,5850
235501,1,610,274,336
235501,2,610,274,336
235547,1,1183,190,993
235547,2,173,35,138
235547,4,1010,155,855
235583,1,188,9,179
235583,2,188,9,179
235671,1,6886,4016,2870
235671,2,6886,4016,2870
235699,1,5112,2031,3081
235699,2,5112,2031,3081
235750,1,4058,1253,2805
235750,2,4058,1253,2805
236018,1,164,32,132
236018,2,164,32,132
236072,1,9461,3895,5566
236072,2,9461,3895,5566
236133,1,1457,512,945
236133,2,1058,362,696
236133,4,399,150,249
236188,1,9815,4681,5134
236188,2,9815,4681,5134
236212,1,1302,1069,233
236212,2,1302,1069,233
236230,1,3332,1164,2168
236230,2,2814,1018,1796
236230,4,518,146,372
236258,1,2866,1369,1497
236258,2,2866,1369,1497
236328,1,2719,1039,1680
236328,2,2408,967,1441
236328,4,311,72,239
236382,1,6190,4160,2030
236382,2,6190,4160,2030
236452,1,1893,988,905
236452,2,1569,859,710
236452,4,324,129,195
236504,1,9610,6274,3336
236504,2,9610,6274,3336
236513,1,11552,4910,6642
236513,2,11552,4910,6642
236577,1,4071,1324,2747
236577,2,3098,1051,2047
236577,4,973,273,700
236595,1,8254,3109,5145
236595,2,5205,2035,3170
236595,4,3049,1074,1975
236610,1,8899,3837,5062
236610,2,8899,3837,5062
236638,1,7734,3698,4036
236638,2,7734,3698,4036
236656,1,7277,2995,4282
236656,2,7277,2995,4282
236692,1,16864,7319,9545
236692,2,16864,7319,9545
236708,1,7256,3039,4217
236708,2,7256,3039,4217
236744,1,105,5,100
236744,2,105,5,100
236753,1,9323,3323,6000
236753,2,9323,3323,6000
236887,1,5970,3221,2749
236887,2,5970,3221,2749
236896,1,2137,961,1176
236896,2,1861,901,960
236896,4,276,60,216
236939,1,35149,16598,18551
236939,2,28966,13627,15339
236939,4,6183,2971,3212
236948,1,56315,25993,30322
236948,2,39443,18176,21267
236948,4,16872,7817,9055
236975,1,5302,2077,3225
236975,2,5302,2077,3225
237011,1,17966,7716,10250
237011,2,16762,7268,9494
237011,4,1204,448,756
237039,1,5784,2519,3265
237039,2,5784,2519,3265
237057,1,1605,687,918
237057,2,1605,687,918
237066,1,2984,1136,1848
237066,2,2411,961,1450
237066,4,573,175,398
237109,1,6247,2208,4039
237109,2,6247,2208,4039
237118,1,1055,540,515
237118,2,910,493,417
237118,4,145,47,98
237127,1,32,0,32
237127,2,32,0,32
237136,1,323,200,123
237136,2,305,184,121
237136,4,18,16,2
237145,1,36,4,32
237145,2,36,4,32
237172,1,46,41,5
237172,2,46,41,5
237181,1,614,362,252
237181,2,588,350,238
237181,4,26,12,14
237215,1,1456,513,943
237215,2,1456,513,943
237242,1,117,87,30
237242,2,117,87,30
237303,1,134,25,109
237303,2,134,25,109
237312,1,3579,2070,1509
237312,2,2577,1468,1109
237312,4,1002,602,400
237321,1,98,9,89
237321,2,98,9,89
237330,1,2505,883,1622
237330,2,1955,789,1166
237330,4,550,94,456
237358,1,920,357,563
237358,2,920,357,563
237367,1,4199,1778,2421
237367,2,3911,1684,2227
237367,4,288,94,194
237385,1,1833,1021,812
237385,2,1833,1021,812
237437,1,499,136,363
237437,2,499,136,363
237473,1,147,96,51
237473,2,147,96,51
237491,1,36,7,29
237491,2,36,7,29
237525,1,16452,6543,9909
237525,2,11195,4768,6427
237525,4,5257,1775,3482
237543,1,95,22,73
237543,2,95,22,73
237552,1,94,18,76
237552,2,94,18,76
237561,1,95,22,73
237561,2,95,22,73
237570,1,130,9,121
237570,2,130,9,121
237598,1,41,8,33
237598,2,41,8,33
237640,1,521,264,257
237640,2,493,246,247
237640,4,28,18,10
237686,1,3042,1150,1892
237686,2,3042,1150,1892
237701,1,1586,670,916
237701,2,1586,670,916
237729,1,215,68,147
237729,2,215,68,147
237783,1,1473,623,850
237783,2,1123,474,649
237783,4,350,149,201
237792,1,4523,1859,2664
237792,2,3797,1672,2125
237792,4,726,187,539
237817,1,1745,614,1131
237817,2,1745,614,1131
237844,1,153,118,35
237844,2,153,118,35
237880,1,841,430,411
237880,4,841,430,411
237899,1,4745,1919,2826
237899,2,4573,1856,2717
237899,4,172,63,109
237905,1,56,7,49
237905,2,49,7,42
237905,4,7,0,7
237932,1,2769,1005,1764
237932,2,2382,869,1513
237932,4,387,136,251
237950,1,2350,1074,1276
237950,2,2350,1074,1276
237969,1,1366,593,773
237969,2,1213,549,664
237969,4,153,44,109
237987,1,201,38,163
237987,2,201,38,163
237996,1,857,138,719
237996,2,857,138,719
238005,1,82,10,72
238005,2,82,10,72
238014,1,2352,808,1544
238014,2,2352,808,1544
238032,1,30438,15145,15293
238032,2,23427,12077,11350
238032,4,7011,3068,3943
238078,1,1362,633,729
238078,2,957,499,458
238078,4,405,134,271
238096,1,43,2,41
238096,2,43,2,41
238175,1,179,2,177
238175,2,179,2,177
238193,1,2003,64,1939
238193,2,1288,8,1280
238193,4,715,56,659
238263,1,21816,9801,12015
238263,2,21744,9780,11964
238263,4,72,21,51
238324,1,808,163,645
238324,2,641,86,555
238324,4,167,77,90
238333,1,1379,618,761
238333,2,1379,618,761
238397,1,2715,997,1718
238397,2,2715,997,1718
238430,1,2643,792,1851
238430,2,1665,486,1179
238430,4,978,306,672
238458,1,3678,1236,2442
238458,2,3022,1037,1985
238458,4,656,199,457
238476,1,3025,1339,1686
238476,2,2887,1273,1614
238476,4,138,66,72
238573,1,145,18,127
238573,2,139,17,122
238573,4,6,1,5
238616,1,7397,2298,5099
238616,2,3778,1313,2465
238616,4,3619,985,2634
238661,1,2496,684,1812
238661,2,1599,440,1159
238661,4,897,244,653
238722,1,18329,10199,8130
238722,2,18329,10199,8130
238759,1,14642,6912,7730
238759,2,14642,6912,7730
238810,1,70,5,65
238810,2,70,5,65
238980,1,3098,1170,1928
238980,2,2221,922,1299
238980,4,877,248,629
239008,1,3596,1601,1995
239008,2,3596,1601,1995
239017,1,1474,687,787
239017,2,1474,687,787
239071,1,1434,696,738
239071,2,1039,467,572
239071,4,395,229,166
239080,1,2082,601,1481
239080,2,1615,507,1108
239080,4,467,94,373
239105,1,12285,5561,6724
239105,2,8666,4026,4640
239105,4,3619,1535,2084
239169,1,1579,797,782
239169,4,1579,797,782
239220,1,3530,1464,2066
239220,2,3530,1464,2066
239248,1,23203,9834,13369
239248,2,23203,9834,13369
239309,1,768,236,532
239309,2,768,236,532
239318,1,2973,2166,807
239318,2,2691,1990,701
239318,4,282,176,106
239372,1,7405,3661,3744
239372,2,7405,3661,3744
239390,1,1554,76,1478
239390,2,779,3,776
239390,4,775,73,702
239424,1,76,61,15
239424,4,76,61,15
239442,1,1835,745,1090
239442,2,1835,745,1090
239460,1,9359,4042,5317
239460,2,9359,4042,5317
239488,1,14768,6045,8723
239488,2,14768,6045,8723
239512,1,617,283,334
239512,2,617,283,334
239628,1,823,391,432
239628,2,823,391,432
239637,1,127,104,23
239637,4,127,104,23
239716,1,2302,955,1347
239716,2,2181,902,1279
239716,4,121,53,68
239743,1,534,172,362
239743,2,388,126,262
239743,4,146,46,100
239877,1,64,4,60
239877,2,64,4,60
239910,1,3757,1673,2084
239910,2,3757,1673,2084
240107,1,3559,896,2663
240107,2,1957,517,1440
240107,4,1602,379,1223
240116,1,11932,5708,6224
240116,2,11932,5708,6224
240125,1,11409,5669,5740
240125,2,11409,5669,5740
240170,1,5621,2519,3102
240170,2,5621,2519,3102
240189,1,15155,7375,7780
240189,2,13367,6624,6743
240189,4,1788,751,1037
240198,1,4298,1503,2795
240198,2,4298,1503,2795
240213,1,77,16,61
240213,4,77,16,61
240268,1,12637,4887,7750
240268,2,11803,4513,7290
240268,4,834,374,460
240277,1,10185,3692,6493
240277,2,9744,3521,6223
240277,4,441,171,270
240329,1,11500,4970,6530
240329,2,10395,4568,5827
240329,4,1105,402,703
240338,1,1440,625,815
240338,2,1229,548,681
240338,4,211,77,134
240365,1,19257,7639,11618
240365,2,17584,7095,10489
240365,4,1673,544,1129
240374,1,5031,2345,2686
240374,2,4671,2150,2521
240374,4,360,195,165
240392,1,3948,677,3271
240392,2,3200,565,2635
240392,4,748,112,636
240417,1,10113,5260,4853
240417,2,8454,4745,3709
240417,4,1659,515,1144
240426,1,3181,1172,2009
240426,2,2749,1035,1714
240426,4,432,137,295
240444,1,47392,23115,24277
240444,2,34640,16899,17741
240444,4,12752,6216,6536
240453,1,31363,14311,17052
240453,2,25899,12176,13723
240453,4,5464,2135,3329
240462,1,10133,6240,3893
240462,2,8984,5610,3374
240462,4,1149,630,519
240471,1,6847,2529,4318
240471,2,6262,2341,3921
240471,4,585,188,397
240480,1,10201,4634,5567
240480,2,9730,4513,5217
240480,4,471,121,350
240505,1,5123,2071,3052
240505,2,5123,2071,3052
240514,1,2515,1025,1490
240514,2,2515,1025,1490
240596,1,2172,955,1217
240596,2,2172,955,1217
240620,1,5920,2413,3507
240620,2,5920,2413,3507
240657,1,1948,787,1161
240657,2,1948,787,1161
240666,1,6375,3804,2571
240666,2,6375,3804,2571
240693,1,4888,2535,2353
240693,2,4888,2535,2353
240709,1,52,5,47
240709,2,52,5,47
240718,1,43,38,5
240718,2,43,38,5
240727,1,13926,6708,7218
240727,2,11076,5389,5687
240727,4,2850,1319,1531
240736,1,1499,454,1045
240736,2,1499,454,1045
240745,1,2599,1166,1433
240745,2,2599,1166,1433
240754,1,4297,1814,2483
240754,2,3863,1672,2191
240754,4,434,142,292
240790,1,1395,525,870
240790,2,1395,525,870
240879,1,618,160,458
240879,2,618,160,458
240985,1,206,58,148
240985,2,206,58,148
241100,1,550,264,286
241100,2,495,249,246
241100,4,55,15,40
241128,1,714,321,393
241128,2,674,313,361
241128,4,40,8,32
241146,1,676,217,459
241146,2,676,217,459
241182,1,578,120,458
241182,2,578,120,458
241191,1,1430,556,874
241191,2,1306,507,799
241191,4,124,49,75
241216,1,1941,1362,579
241216,2,1786,1269,517
241216,4,155,93,62
241225,1,1621,548,1073
241225,2,1324,458,866
241225,4,297,90,207
241304,1,1461,599,862
241304,2,1271,550,721
241304,4,190,49,141
241331,1,2108,370,1738
241331,2,593,92,501
241331,4,1515,278,1237
241377,1,1742,700,1042
241377,2,1324,606,718
241377,4,418,94,324
241386,1,441,115,326
241386,2,381,99,282
241386,4,60,16,44
241395,1,1044,318,726
241395,2,597,211,386
241395,4,447,107,340
241410,1,7697,2864,4833
241410,2,5660,2230,3430
241410,4,2037,634,1403
241517,1,669,177,492
241517,2,669,177,492
241614,1,466,239,227
241614,2,324,181,143
241614,4,142,58,84
241720,1,1352,558,794
241720,2,1352,558,794
241739,1,13145,4694,8451
241739,2,10421,3770,6651
241739,4,2724,924,1800
241766,1,423,289,134
241766,2,393,270,123
241766,4,30,19,11
241793,1,502,251,251
241793,4,502,251,251
241836,1,1623,563,1060
241836,2,1531,539,992
241836,4,92,24,68
241906,1,484,121,363
241906,2,484,121,363
241951,1,469,139,330
241951,2,469,139,330
242042,1,603,303,300
242042,2,603,303,300
242112,1,1205,469,736
242112,2,1205,469,736
242121,1,601,228,373
242121,2,601,228,373
242130,1,429,152,277
242130,2,429,152,277
242149,1,603,215,388
242149,2,603,215,388
242413,1,80,68,12
242413,2,80,68,12
242422,1,13006,5596,7410
242422,2,13006,5596,7410
242556,1,542,328,214
242556,2,542,328,214
242565,1,460,275,185
242565,2,460,275,185
242583,1,481,308,173
242583,2,481,308,173
242617,1,4898,2250,2648
242617,2,4149,1987,2162
242617,4,749,263,486
242626,1,4471,1908,2563
242626,2,4207,1815,2392
242626,4,264,93,171
242635,1,4432,1688,2744
242635,2,4025,1564,2461
242635,4,407,124,283
242644,1,1954,713,1241
242644,2,1810,670,1140
242644,4,144,43,101
242653,1,9143,3614,5529
242653,2,6535,2766,3769
242653,4,2608,848,1760
242662,1,5115,1962,3153
242662,2,4643,1815,2828
242662,4,472,147,325
242680,1,2167,851,1316
242680,2,2019,799,1220
242680,4,148,52,96
242699,1,2014,685,1329
242699,2,1878,618,1260
242699,4,136,67,69
242705,1,4711,2613,2098
242705,2,4597,2574,2023
242705,4,114,39,75
242723,1,831,333,498
242723,4,831,333,498
242750,1,153,47,106
242750,2,153,47,106
242820,1,1279,1014,265
242820,2,1279,1014,265
242945,1,332,103,229
242945,2,332,103,229
242954,1,136,35,101
242954,2,136,35,101
242972,1,15624,4618,11006
242972,2,14097,4218,9879
242972,4,1527,400,1127
243081,1,1073,365,708
243081,2,25,4,21
243081,4,1048,361,687
243106,1,3529,1591,1938
243106,2,3529,1591,1938
243115,1,3789,1520,2269
243115,2,3789,1520,2269
243133,1,4344,2137,2207
243133,2,4344,2137,2207
243142,1,3962,1556,2406
243142,2,3962,1556,2406
243151,1,3192,1112,2080
243151,2,3192,1112,2080
243179,1,3672,1347,2325
243179,2,3672,1347,2325
243188,1,934,444,490
243188,2,934,444,490
243197,1,13818,7448,6370
243197,2,12788,6898,5890
243197,4,1030,550,480
243203,1,2296,796,1500
243203,2,347,85,262
243203,4,1949,711,1238
243212,1,2918,1227,1691
243212,2,2918,1227,1691
243221,1,15664,6027,9637
243221,2,12153,4678,7475
243221,4,3511,1349,2162
243346,1,11518,4258,7260
243346,2,9730,3778,5952
243346,4,1788,480,1308
243443,1,5102,1961,3141
243443,2,4781,1860,2921
243443,4,321,101,220
243498,1,195,125,70
243498,4,195,125,70
243568,1,522,200,322
243568,2,151,26,125
243568,4,371,174,197
243577,1,5037,3738,1299
243577,2,4081,3143,938
243577,4,956,595,361
243586,1,1434,534,900
243586,2,1298,499,799
243586,4,136,35,101
243601,1,17894,6962,10932
243601,2,14377,5809,8568
243601,4,3517,1153,2364
243638,1,2664,1161,1503
243638,2,2664,1161,1503
243647,1,629,248,381
243647,2,629,248,381
243665,1,2367,732,1635
243665,2,2085,675,1410
243665,4,282,57,225
243744,1,20993,11775,9218
243744,2,8290,4180,4110
243744,4,12703,7595,5108
243780,1,47412,26901,20511
243780,2,35481,20339,15142
243780,4,11931,6562,5369
243799,1,56,11,45
243799,2,56,11,45
243823,1,1990,901,1089
243823,2,776,220,556
243823,4,1214,681,533
243832,1,2953,956,1997
243832,2,2787,878,1909
243832,4,166,78,88
243841,1,711,184,527
243841,2,711,184,527
244233,1,473,136,337
244233,2,473,136,337
244279,1,348,13,335
244279,2,348,13,335
244437,1,25623,9807,15816
244437,2,25623,9807,15816
244446,1,5114,1804,3310
244446,2,5114,1804,3310
244613,1,278,263,15
244613,2,278,263,15
245069,1,36,5,31
245069,2,36,5,31
245281,1,103,84,19
245281,2,103,84,19
245421,1,60,4,56
245421,2,60,4,56
245430,1,87,6,81
245430,2,87,6,81
245625,1,3775,1656,2119
245625,2,3775,1656,2119
245652,1,466,268,198
245652,2,366,206,160
245652,4,100,62,38
245777,1,105,105,0
245777,2,51,51,0
245777,4,54,54,0
245838,1,1266,339,927
245838,2,233,71,162
245838,4,1033,268,765
245847,1,482,125,357
245847,2,130,37,93
245847,4,352,88,264
245865,1,1184,220,964
245865,4,1184,220,964
245883,1,861,154,707
245883,2,130,29,101
245883,4,731,125,606
245892,1,176,59,117
245892,2,54,25,29
245892,4,122,34,88
245953,1,2362,840,1522
245953,2,1807,666,1141
245953,4,555,174,381
245962,1,460,112,348
245962,2,460,112,348
245980,1,41,3,38
245980,2,41,3,38
245999,1,2962,1526,1436
245999,2,2962,1526,1436
246017,1,1424,859,565
246017,2,1424,859,565
246035,1,353,41,312
246035,2,353,41,312
246071,1,101,7,94
246071,2,101,7,94
246345,1,152,64,88
246345,4,152,64,88
246354,1,16650,6440,10210
246354,2,16650,6440,10210
246406,1,41,8,33
246406,2,41,8,33
246415,1,97,10,87
246415,2,97,10,87
246460,1,178,17,161
246460,2,178,17,161
246789,1,133,83,50
246789,4,133,83,50
246813,1,6365,2320,4045
246813,2,6365,2320,4045
246895,1,1000,332,668
246895,2,1000,332,668
247010,1,51,2,49
247010,2,51,2,49
247047,1,121,2,119
247047,2,121,2,119
247065,1,1229,89,1140
247065,2,1229,89,1140
247153,1,815,263,552
247153,2,815,263,552
247162,1,96,51,45
247162,2,15,11,4
247162,4,81,40,41
247409,1,172,14,158
247409,2,172,14,158
247603,1,3617,1732,1885
247603,2,3617,1732,1885
247649,1,703,442,261
247649,2,631,434,197
247649,4,72,8,64
247773,1,68,68,0
247773,2,61,61,0
247773,4,7,7,0
247825,1,44,31,13
247825,2,32,22,10
247825,4,12,9,3
247834,1,48275,21194,27081
247834,2,48275,21194,27081
247940,1,5426,2680,2746
247940,2,5426,2680,2746
248192,1,55,3,52
248192,2,55,3,52
248305,1,119,3,116
248305,2,119,3,116
248527,1,92,3,89
248527,2,92,3,89
248606,1,2536,1526,1010
248606,2,2536,1526,1010
248624,1,115,10,105
248624,2,115,10,105
248633,1,87,6,81
248633,2,87,6,81
248660,1,275,38,237
248660,2,275,38,237
248703,1,279,9,270
248703,2,279,9,270
248925,1,1678,714,964
248925,2,1678,714,964
248934,1,18930,7820,11110
248934,2,18508,7590,10918
248934,4,422,230,192
249140,1,391,53,338
249140,2,391,53,338
249238,1,719,52,667
249238,2,719,52,667
249566,1,468,434,34
249566,2,468,434,34
249609,1,290,179,111
249609,2,290,179,111
250027,1,444,126,318
250027,2,444,126,318
250285,1,498,464,34
250285,2,498,464,34
250744,1,1210,97,1113
250744,2,1210,97,1113
250902,1,106,10,96
250902,2,106,10,96
250993,1,556,302,254
250993,2,556,302,254
251260,1,7060,3124,3936
251260,2,7060,3124,3936
251312,1,1496,300,1196
251312,2,1054,202,852
251312,4,442,98,344
260336,1,43,1,42
260336,2,43,1,42
260363,1,33,4,29
260363,2,33,4,29
260372,1,391,104,287
260372,2,391,104,287
260664,1,360,298,62
260664,2,360,298,62
260691,1,1481,345,1136
260691,2,1481,345,1136
260789,1,1058,250,808
260789,2,1058,250,808
260813,1,344,53,291
260813,2,344,53,291
260929,1,449,43,406
260929,2,449,43,406
260965,1,102,1,101
260965,2,102,1,101
260992,1,1046,73,973
260992,2,1046,73,973
261436,1,1349,46,1303
261436,2,1349,46,1303
261676,1,108,5,103
261676,2,108,5,103
261685,1,115,7,108
261685,2,115,7,108
261719,1,378,15,363
261719,2,378,15,363
261773,1,33,6,27
261773,2,33,6,27
261861,1,147,7,140
261861,2,147,7,140
262022,1,166,83,83
262022,4,166,83,83
262031,1,9023,3852,5171
262031,2,9023,3852,5171
262086,1,14109,5056,9053
262086,2,8359,3316,5043
262086,4,5750,1740,4010
262129,1,865,334,531
262129,2,836,315,521
262129,4,29,19,10
262165,1,97,56,41
262165,2,97,56,41
262341,1,843,741,102
262341,2,843,741,102
262369,1,157,1,156
262369,2,157,1,156
262402,1,205,197,8
262402,2,205,197,8
262466,1,93,34,59
262466,2,93,34,59
362700,1,603,62,541
362700,2,603,62,541
362782,1,311,15,296
362782,2,311,15,296
363013,1,105,4,101
363013,2,105,4,101
363077,1,251,66,185
363077,2,251,66,185
363147,1,303,2,301
363147,2,303,2,301
363165,1,1302,680,622
363165,2,1302,680,622
363439,1,358,60,298
363439,2,358,60,298
363633,1,1591,715,876
363633,2,1591,715,876
363679,1,242,12,230
363679,2,242,12,230
363712,1,35,35,0
363712,2,35,35,0
363721,1,286,105,181
363721,4,286,105,181
363882,1,125,1,124
363882,2,125,1,124
363907,1,1152,613,539
363907,2,849,534,315
363907,4,303,79,224
363916,1,290,99,191
363916,2,265,95,170
363916,4,25,4,21
363934,1,984,809,175
363934,2,939,773,166
363934,4,45,36,9
364016,1,12170,5437,6733
364016,2,12170,5437,6733
364025,1,19552,9214,10338
364025,2,19552,9214,10338
364548,1,242,145,97
364548,2,242,145,97
364575,1,39,2,37
364575,2,39,2,37
364627,1,480,222,258
364627,2,480,222,258
364636,1,121,24,97
364636,2,121,24,97
364751,1,158,6,152
364751,2,158,6,152
364760,1,138,10,128
364760,2,138,10,128
364946,1,456,203,253
364946,2,456,203,253
364964,1,78,10,68
364964,2,78,10,68
365091,1,325,20,305
365091,2,325,20,305
365125,1,248,7,241
365125,2,248,7,241
365198,1,696,369,327
365198,2,696,369,327
365204,1,5490,1791,3699
365204,2,5490,1791,3699
365213,1,728,334,394
365213,2,728,334,394
365240,1,51,45,6
365240,2,51,45,6
365374,1,1666,914,752
365374,2,1666,914,752
365383,1,210,17,193
365383,2,210,17,193
365480,1,1020,566,454
365480,2,1020,566,454
365505,1,34,2,32
365505,2,34,2,32
365693,1,224,7,217
365693,2,224,7,217
365763,1,68,18,50
365763,2,68,18,50
365824,1,262,9,253
365824,2,262,9,253
365833,1,317,13,304
365833,2,317,13,304
366003,1,383,153,230
366003,2,261,108,153
366003,4,122,45,77
366155,1,42,29,13
366155,2,42,29,13
366191,1,1267,1227,40
366191,2,1267,1227,40
366252,1,5727,3525,2202
366252,2,5727,3525,2202
366261,1,312,127,185
366261,2,312,127,185
366270,1,384,19,365
366270,2,384,19,365
366289,1,359,182,177
366289,2,359,182,177
366340,1,1010,378,632
366340,2,1010,378,632
366368,1,127,49,78
366368,4,127,49,78
366395,1,32026,14774,17252
366395,2,32026,14774,17252
366401,1,12372,5755,6617
366401,2,12372,5755,6617
366438,1,105,9,96
366438,2,105,9,96
366465,1,3022,946,2076
366465,2,3022,946,2076
366535,1,531,134,397
366535,2,531,134,397
366553,1,1572,243,1329
366553,2,1572,243,1329
366571,1,24,2,22
366571,2,24,2,22
366605,1,47,13,34
366605,4,47,13,34
366623,1,251,117,134
366623,2,251,117,134
366632,1,17,1,16
366632,2,17,1,16
366711,1,17136,6396,10740
366711,2,15909,6023,9886
366711,4,1227,373,854
367051,1,119,14,105
367051,2,119,14,105
367088,1,138,12,126
367088,2,138,12,126
367103,1,137,94,43
367103,2,137,94,43
367112,1,816,126,690
367112,2,816,126,690
367158,1,142,6,136
367158,2,142,6,136
367334,1,306,275,31
367334,2,306,275,31
367361,1,93,45,48
367361,2,93,45,48
367431,1,34,2,32
367431,2,34,2,32
367459,1,11322,4875,6447
367459,2,11322,4875,6447
367875,1,914,143,771
367875,2,914,143,771
367884,1,1637,624,1013
367884,2,1369,548,821
367884,4,268,76,192
367954,1,4933,1607,3326
367954,4,4933,1607,3326
367972,1,188,11,177
367972,2,188,11,177
367981,1,95,0,95
367981,2,95,0,95
368036,1,23,2,21
368036,2,23,2,21
368230,1,177,13,164
368230,2,177,13,164
368364,1,307,152,155
368364,2,307,152,155
368407,1,108,8,100
368407,2,108,8,100
368443,1,1663,316,1347
368443,2,1663,316,1347
368452,1,383,165,218
368452,2,383,165,218
368540,1,41,1,40
368540,2,41,1,40
368629,1,927,190,737
368629,2,927,190,737
368647,1,44,1,43
368647,2,44,1,43
368771,1,262,81,181
368771,2,262,81,181
368780,1,267,65,202
368780,2,267,65,202
368832,1,65,13,52
368832,2,65,13,52
368911,1,2608,777,1831
368911,2,2608,777,1831
369002,1,355,157,198
369002,4,355,157,198
369109,1,121,12,109
369109,2,121,12,109
369400,1,3047,2930,117
369400,2,3047,2930,117
369419,1,3390,2470,920
369419,2,3390,2470,920
369446,1,78,1,77
369446,2,78,1,77
369455,1,112,38,74
369455,2,112,38,74
369516,1,410,101,309
369516,2,399,98,301
369516,4,11,3,8
369659,1,295,70,225
369659,4,295,70,225
369668,1,291,127,164
369668,2,291,127,164
369686,1,254,25,229
369686,2,254,25,229
369695,1,167,14,153
369695,2,167,14,153
369783,1,760,55,705
369783,2,760,55,705
369950,1,279,255,24
369950,2,279,255,24
371034,1,21,15,6
371034,2,21,15,6
371052,1,613,121,492
371052,2,613,121,492
371690,1,1327,192,1135
371690,2,1327,192,1135
371830,1,113,81,32
371830,2,113,81,32
371928,1,190,75,115
371928,2,190,75,115
371964,1,706,405,301
371964,2,706,405,301
372028,1,244,29,215
372028,2,244,29,215
372073,1,283,93,190
372073,2,283,93,190
372082,1,182,48,134
372082,2,182,48,134
372240,1,41,0,41
372240,2,41,0,41
372329,1,1394,157,1237
372329,2,1394,157,1237
372356,1,120,6,114
372356,2,120,6,114
372462,1,209,36,173
372462,2,209,36,173
372718,1,556,87,469
372718,2,556,87,469
372921,1,1048,357,691
372921,2,1048,357,691
372958,1,160,45,115
372958,2,160,45,115
373085,1,109,7,102
373085,2,109,7,102
373216,1,142,4,138
373216,2,142,4,138
373456,1,21,1,20
373456,2,21,1,20
373526,1,417,340,77
373526,2,417,340,77
373678,1,272,110,162
373678,2,272,110,162
373696,1,185,65,120
373696,2,185,65,120
373711,1,92,8,84
373711,2,92,8,84
373784,1,984,616,368
373784,2,984,616,368
374024,1,448,83,365
374024,4,448,83,365
374316,1,76,56,20
374316,2,76,56,20
374343,1,63,2,61
374343,2,63,2,61
374574,1,898,151,747
374574,2,898,151,747
374592,1,81,17,64
374592,2,81,17,64
374990,1,59,5,54
374990,2,59,5,54
375106,1,174,157,17
375106,2,174,157,17
375230,1,146,146,0
375230,2,146,146,0
375373,1,426,107,319
375373,2,426,107,319
375407,1,187,42,145
375407,2,187,42,145
375416,1,944,274,670
375416,2,944,274,670
375540,1,102,1,101
375540,2,102,1,101
375568,1,108,35,73
375568,2,108,35,73
375656,1,232,111,121
375656,2,232,111,121
375683,1,932,585,347
375683,2,932,585,347
375726,1,2287,1213,1074
375726,2,2287,1213,1074
375939,1,105,23,82
375939,2,105,23,82
375966,1,200,29,171
375966,2,200,29,171
375984,1,483,44,439
375984,2,483,44,439
376224,1,374,91,283
376224,2,374,91,283
376242,1,100,72,28
376242,2,100,72,28
376288,1,98,27,71
376288,2,98,27,71
376321,1,2872,619,2253
376321,2,2872,619,2253
376330,1,384,86,298
376330,2,384,86,298
376385,1,718,253,465
376385,2,718,253,465
376446,1,126,3,123
376446,2,126,3,123
376631,1,47,16,31
376631,2,47,16,31
376677,1,192,75,117
376677,2,192,75,117
376695,1,1426,704,722
376695,2,1426,704,722
377111,1,870,250,620
377111,2,870,250,620
377193,1,81,9,72
377193,2,81,9,72
377218,1,235,230,5
377218,2,235,230,5
377272,1,30,2,28
377272,2,30,2,28
377281,1,76,4,72
377281,2,76,4,72
377315,1,76,4,72
377315,2,76,4,72
377342,1,1036,156,880
377342,2,1036,156,880
377449,1,330,94,236
377449,2,330,94,236
377458,1,419,43,376
377458,2,419,43,376
377485,1,60,1,59
377485,2,60,1,59
377546,1,104,31,73
377546,2,104,31,73
377555,1,7188,3659,3529
377555,2,6501,3333,3168
377555,4,687,326,361
377564,1,6354,2978,3376
377564,2,5379,2633,2746
377564,4,975,345,630
377643,1,158,7,151
377643,2,158,7,151
377652,1,181,12,169
377652,2,181,12,169
377661,1,777,139,638
377661,2,777,139,638
377670,1,75,4,71
377670,2,75,4,71
377722,1,575,66,509
377722,2,575,66,509
377759,1,91,89,2
377759,2,91,89,2
378105,1,557,37,520
378105,2,557,37,520
378576,1,1480,365,1115
378576,2,213,65,148
378576,4,1267,300,967
378886,1,379,96,283
378886,2,379,96,283
378956,1,1021,948,73
378956,2,1021,948,73
379621,1,108,7,101
379621,2,108,7,101
379746,1,228,14,214
379746,2,228,14,214
379782,1,374,42,332
379782,2,374,42,332
380067,1,142,4,138
380067,2,142,4,138
380359,1,670,179,491
380359,2,670,179,491
380368,1,2324,992,1332
380368,2,2324,992,1332
380377,1,832,277,555
380377,2,832,277,555
380438,1,875,187,688
380438,2,875,187,688
380456,1,159,13,146
380456,2,159,13,146
380465,1,196,78,118
380465,2,56,33,23
380465,4,140,45,95
381255,1,130,94,36
381255,2,130,94,36
381282,1,202,93,109
381282,2,202,93,109
381325,1,215,60,155
381325,2,215,60,155
381352,1,134,26,108
381352,4,134,26,108
381361,1,88,26,62
381361,2,88,26,62
381370,1,439,10,429
381370,2,439,10,429
381404,1,554,22,532
381404,2,554,22,532
381459,1,350,232,118
381459,4,350,232,118
381486,1,13,1,12
381486,2,13,1,12
381699,1,43,3,40
381699,2,43,3,40
381732,1,152,32,120
381732,2,152,32,120
382258,1,200,62,138
382258,2,200,62,138
382267,1,101,29,72
382267,2,101,29,72
382416,1,80,8,72
382416,2,80,8,72
382461,1,73,1,72
382461,2,73,1,72
382780,1,142,7,135
382780,2,142,7,135
382902,1,77,2,75
382902,2,77,2,75
382911,1,95,53,42
382911,2,95,53,42
382957,1,749,326,423
382957,2,749,326,423
383020,1,77,11,66
383020,2,26,3,23
383020,4,51,8,43
383084,1,1367,507,860
383084,2,1367,507,860
383163,1,599,15,584
383163,2,599,15,584
383190,1,3354,1241,2113
383190,2,3354,1241,2113
383279,1,277,62,215
383279,2,277,62,215
383297,1,299,6,293
383297,2,299,6,293
383312,1,102,35,67
383312,2,102,35,67
383330,1,158,30,128
383330,2,158,30,128
383367,1,349,56,293
383367,2,349,56,293
383464,1,191,15,176
383464,2,191,15,176
383525,1,166,19,147
383525,2,166,19,147
383765,1,222,4,218
383765,2,222,4,218
383792,1,151,5,146
383792,2,151,5,146
383950,1,203,15,188
383950,2,203,15,188
383996,1,883,365,518
383996,2,883,365,518
384236,1,909,408,501
384236,2,909,408,501
384245,1,1143,450,693
384245,2,1143,450,693
384254,1,425,262,163
384254,2,425,262,163
384306,1,121,29,92
384306,4,121,29,92
384333,1,13772,5527,8245
384333,2,13772,5527,8245
384342,1,8608,3996,4612
384342,2,8608,3996,4612
384412,1,192,114,78
384412,2,90,57,33
384412,4,102,57,45
384421,1,74,74,0
384421,2,74,74,0
385132,1,187,7,180
385132,2,187,7,180
385415,1,1524,705,819
385415,4,1524,705,819
385503,1,397,24,373
385503,2,397,24,373
385549,1,114,15,99
385549,2,114,15,99
385619,1,2363,1188,1175
385619,2,2007,1027,980
385619,4,356,161,195
386153,1,356,0,356
386153,2,356,0,356
386472,1,1031,193,838
386472,2,1007,185,822
386472,4,24,8,16
387925,1,116,29,87
387925,2,116,29,87
388520,1,383,192,191
388520,2,383,192,191
388663,1,206,2,204
388663,2,206,2,204
389860,1,234,99,135
389860,2,234,99,135
390905,1,232,112,120
390905,2,232,112,120
391005,1,337,12,325
391005,2,337,12,325
391546,1,252,1,251
391546,2,252,1,251
391759,1,37,0,37
391759,2,37,0,37
392257,1,2731,212,2519
392257,2,2731,212,2519
392354,1,29,8,21
392354,2,29,8,21
392415,1,566,133,433
392415,2,566,133,433
392840,1,204,76,128
392840,2,192,71,121
392840,4,12,5,7
393524,1,167,30,137
393524,2,167,30,137
393649,1,1542,621,921
393649,2,1542,621,921
393861,1,1024,209,815
393861,2,1024,209,815
395362,1,2321,845,1476
395362,2,2321,845,1476
395690,1,1010,558,452
395690,2,1010,558,452
397942,1,1788,718,1070
397942,2,1788,718,1070
399212,1,16944,9708,7236
399212,2,16944,9708,7236
399869,1,893,859,34
399869,2,893,859,34
399911,1,444,151,293
399911,2,430,147,283
399911,4,14,4,10
400080,1,1169,778,391
400080,2,1169,778,391
400187,1,924,135,789
400187,2,924,135,789
400558,1,135,64,71
400558,2,135,64,71
401223,1,505,156,349
401223,2,234,51,183
401223,4,271,105,166
401250,1,175,48,127
401250,4,175,48,127
401481,1,44,2,42
401481,2,44,2,42
401764,1,366,14,352
401764,2,366,14,352
402563,1,318,16,302
402563,2,318,16,302
402776,1,52,23,29
402776,2,48,21,27
402776,4,4,2,2
402800,1,255,10,245
402800,2,255,10,245
403469,1,8016,3385,4631
403469,2,8016,3385,4631
403478,1,1314,612,702
403478,2,1314,612,702
403487,1,15113,11716,3397
403487,2,15113,11716,3397
404037,1,51,5,46
404037,2,51,5,46
404055,1,649,99,550
404055,2,649,99,550
404222,1,219,86,133
404222,4,219,86,133
404338,1,88,53,35
404338,2,57,32,25
404338,4,31,21,10
404426,1,5900,2766,3134
404426,2,5900,2766,3134
404684,1,629,228,401
404684,2,629,228,401
404718,1,56,1,55
404718,2,56,1,55
404806,1,333,108,225
404806,2,333,108,225
404912,1,1276,222,1054
404912,2,1276,222,1054
404994,1,7549,2670,4879
404994,2,7549,2670,4879
405012,1,97,2,95
405012,2,97,2,95
405058,1,177,177,0
405058,2,177,177,0
405076,1,887,241,646
405076,2,887,241,646
405854,1,220,220,0
405854,2,220,220,0
405872,1,4256,1758,2498
405872,2,4256,1758,2498
405997,1,103,37,66
405997,2,89,34,55
405997,4,14,3,11
406024,1,2299,341,1958
406024,2,2299,341,1958
406033,1,2631,383,2248
406033,2,2631,383,2248
406149,1,142,44,98
406149,2,142,44,98
406325,1,230,14,216
406325,2,230,14,216
406361,1,17,1,16
406361,2,17,1,16
406413,1,53,14,39
406413,2,53,14,39
406422,1,177,10,167
406422,2,177,10,167
406486,1,126,24,102
406486,2,126,24,102
406547,1,335,52,283
406547,2,335,52,283
407009,1,5098,1987,3111
407009,2,4536,1833,2703
407009,4,562,154,408
407090,1,622,9,613
407090,2,622,9,613
407142,1,132,5,127
407142,2,132,5,127
407151,1,118,2,116
407151,2,118,2,116
407179,1,115,7,108
407179,2,115,7,108
407355,1,264,6,258
407355,2,264,6,258
407391,1,174,36,138
407391,2,174,36,138
407407,1,185,36,149
407407,2,185,36,149
407425,1,156,22,134
407425,2,156,22,134
407434,1,83,2,81
407434,2,83,2,81
407461,1,171,130,41
407461,2,171,130,41
407470,1,253,4,249
407470,2,253,4,249
407489,1,154,106,48
407489,2,154,106,48
407513,1,418,155,263
407513,2,418,155,263
407522,1,119,39,80
407522,2,119,39,80
407568,1,173,11,162
407568,2,173,11,162
407577,1,280,89,191
407577,2,280,89,191
407595,1,83,33,50
407595,2,83,33,50
407610,1,68,29,39
407610,2,68,29,39
407629,1,4392,2226,2166
407629,2,6,3,3
407629,4,4386,2223,2163
407683,1,365,11,354
407683,2,365,11,354
407708,1,265,19,246
407708,2,265,19,246
407735,1,69,6,63
407735,2,69,6,63
407832,1,356,197,159
407832,2,356,197,159
408066,1,222,58,164
408066,2,222,58,164
408163,1,70,1,69
408163,2,70,1,69
408385,1,1155,452,703
408385,2,1155,452,703
408729,1,206,31,175
408729,2,206,31,175
408844,1,8334,2404,5930
408844,2,7877,2253,5624
408844,4,457,151,306
408862,1,358,20,338
408862,2,358,20,338
409032,1,436,6,430
409032,2,436,6,430
409120,1,134,27,107
409120,2,134,27,107
409193,1,487,470,17
409193,2,487,470,17
409254,1,418,21,397
409254,4,418,21,397
409315,1,43541,18874,24667
409315,2,43541,18874,24667
409537,1,49,23,26
409537,2,49,23,26
409591,1,197,45,152
409591,2,197,45,152
409616,1,478,230,248
409616,4,478,230,248
409698,1,8476,3193,5283
409698,2,7444,2849,4595
409698,4,1032,344,688
410797,1,270,151,119
410797,2,270,151,119
410964,1,59,0,59
410964,2,59,0,59
411684,1,285,81,204
411684,2,285,81,204
411754,1,40,13,27
411754,2,40,13,27
412173,1,708,58,650
412173,2,708,58,650
412535,1,39,9,30
412535,2,39,9,30
412544,1,186,30,156
412544,2,186,30,156
412599,1,1075,351,724
412599,2,1075,351,724
413176,1,37,14,23
413176,2,37,14,23
413413,1,61132,12973,48159
413413,2,18804,4527,14277
413413,4,42328,8446,33882
413617,1,351,100,251
413617,2,351,100,251
413626,1,255,98,157
413626,2,255,98,157
413680,1,705,651,54
413680,2,705,651,54
413778,1,345,17,328
413778,2,345,17,328
413802,1,321,103,218
413802,2,321,103,218
413820,1,28,0,28
413820,2,28,0,28
413893,1,1567,422,1145
413893,2,1567,422,1145
413945,1,115,2,113
413945,2,115,2,113
413972,1,50,2,48
413972,2,50,2,48
414063,1,218,7,211
414063,2,218,7,211
414124,1,515,350,165
414124,2,515,350,165
414461,1,3292,3126,166
414461,2,3292,3126,166
414489,1,158,5,153
414489,2,158,5,153
414540,1,538,19,519
414540,2,538,19,519
414595,1,884,193,691
414595,2,315,63,252
414595,4,569,130,439
414823,1,1513,558,955
414823,2,1454,528,926
414823,4,59,30,29
414869,1,406,37,369
414869,2,406,37,369
414878,1,970,505,465
414878,2,436,168,268
414878,4,534,337,197
414911,1,3384,1284,2100
414911,2,3384,1284,2100
414939,1,574,90,484
414939,2,574,90,484
414966,1,177,79,98
414966,4,177,79,98
415039,1,111,4,107
415039,2,111,4,107
415057,1,140,137,3
415057,2,140,137,3
415987,1,422,48,374
415987,2,422,48,374
416458,1,449,102,347
416458,2,449,102,347
416801,1,551,144,407
416801,2,485,121,364
416801,4,66,23,43
417008,1,239,9,230
417008,2,239,9,230
417062,1,95,5,90
417062,2,95,5,90
417105,1,577,360,217
417105,2,577,360,217
417123,1,256,100,156
417123,2,256,100,156
417248,1,60,55,5
417248,2,60,55,5
417275,1,55,53,2
417275,2,55,53,2
417327,1,310,52,258
417327,2,310,52,258
417381,1,113,6,107
417381,2,113,6,107
417442,1,124,5,119
417442,2,124,5,119
417503,1,368,5,363
417503,2,368,5,363
417549,1,226,5,221
417549,2,226,5,221
417600,1,33,4,29
417600,2,33,4,29
417628,1,55,6,49
417628,2,55,6,49
417637,1,113,28,85
417637,2,113,28,85
417646,1,23,1,22
417646,2,23,1,22
417655,1,31,3,28
417655,2,31,3,28
417682,1,25,1,24
417682,2,25,1,24
417716,1,236,9,227
417716,2,236,9,227
417725,1,93,3,90
417725,2,93,3,90
417734,1,232,35,197
417734,2,232,35,197
417752,1,48,25,23
417752,2,48,25,23
417831,1,115,89,26
417831,2,115,89,26
417840,1,274,26,248
417840,2,274,26,248
417868,1,69,28,41
417868,2,69,28,41
417886,1,59,1,58
417886,2,59,1,58
417910,1,234,34,200
417910,2,234,34,200
417983,1,56,2,54
417983,2,56,2,54
417992,1,82,7,75
417992,2,82,7,75
418001,1,251,16,235
418001,2,251,16,235
418010,1,66,2,64
418010,2,66,2,64
418029,1,9,0,9
418029,2,9,0,9
418038,1,220,13,207
418038,2,220,13,207
418056,1,53,9,44
418056,2,53,9,44
418065,1,341,44,297
418065,2,341,44,297
418083,1,55,8,47
418083,2,55,8,47
418126,1,751,245,506
418126,2,643,201,442
418126,4,108,44,64
418171,1,67,66,1
418171,2,67,66,1
418199,1,38,36,2
418199,2,38,36,2
418205,1,533,236,297
418205,2,533,236,297
418223,1,148,12,136
418223,2,148,12,136
418250,1,404,218,186
418250,2,404,218,186
418269,1,274,153,121
418269,2,274,153,121
418278,1,169,61,108
418278,2,169,61,108
418296,1,1634,961,673
418296,2,1634,961,673
418302,1,541,243,298
418302,2,541,243,298
418320,1,916,506,410
418320,2,916,506,410
418339,1,852,438,414
418339,2,852,438,414
418348,1,640,410,230
418348,2,640,410,230
418357,1,70,27,43
418357,2,70,27,43
418409,1,686,522,164
418409,2,686,522,164
418427,1,149,8,141
418427,2,149,8,141
418445,1,39,2,37
418445,2,39,2,37
418454,1,284,119,165
418454,2,284,119,165
418481,1,70,1,69
418481,2,70,1,69
418515,1,189,20,169
418515,2,189,20,169
418524,1,67,6,61
418524,2,67,6,61
418533,1,439,100,339
418533,2,439,100,339
418542,1,211,24,187
418542,2,211,24,187
418560,1,126,19,107
418560,2,126,19,107
418588,1,70,1,69
418588,2,70,1,69
418603,1,55,5,50
418603,2,55,5,50
418612,1,15,1,14
418612,2,15,1,14
418658,1,602,517,85
418658,2,602,517,85
418764,1,67,9,58
418764,2,67,9,58
418773,1,654,257,397
418773,2,654,257,397
418782,1,422,409,13
418782,2,422,409,13
418889,1,180,168,12
418889,2,180,168,12
418913,1,32,15,17
418913,2,32,15,17
418968,1,346,4,342
418968,2,346,4,342
419031,1,30,6,24
419031,2,30,6,24
419095,1,50,7,43
419095,2,50,7,43
419183,1,367,54,313
419183,2,367,54,313
419217,1,130,36,94
419217,2,130,36,94
419226,1,786,396,390
419226,2,786,396,390
419235,1,277,78,199
419235,2,277,78,199
419244,1,325,278,47
419244,2,325,278,47
419253,1,166,128,38
419253,2,166,128,38
419280,1,32,1,31
419280,2,32,1,31
419332,1,10,7,3
419332,2,10,7,3
419341,1,65,28,37
419341,2,65,28,37
419420,1,104,56,48
419420,2,104,56,48
419484,1,43,5,38
419484,2,43,5,38
419633,1,75,3,72
419633,2,75,3,72
419703,1,832,766,66
419703,2,832,766,66
419712,1,296,272,24
419712,2,296,272,24
419721,1,494,459,35
419721,2,494,459,35
420024,1,365,57,308
420024,2,365,57,308
420042,1,419,304,115
420042,2,377,271,106
420042,4,42,33,9
420130,1,244,12,232
420130,2,244,12,232
420246,1,398,80,318
420246,4,398,80,318
420255,1,105,104,1
420255,2,105,104,1
420325,1,119,119,0
420325,2,111,111,0
420325,4,8,8,0
420343,1,1188,1169,19
420343,2,1188,1169,19
420370,1,397,121,276
420370,2,397,121,276
420398,1,24768,10512,14256
420398,2,24768,10512,14256
420431,1,2208,866,1342
420431,2,2208,866,1342
420440,1,2206,792,1414
420440,2,2206,792,1414
420459,1,995,453,542
420459,2,995,453,542
420468,1,387,130,257
420468,2,387,130,257
420538,1,1867,735,1132
420538,2,1867,735,1132
420556,1,1686,622,1064
420556,2,1686,622,1064
420574,1,5709,3771,1938
420574,2,5041,3363,1678
420574,4,668,408,260
420608,1,73,15,58
420608,2,73,15,58
420705,1,143,90,53
420705,4,143,90,53
420723,1,741,304,437
420723,2,741,304,437
420981,1,683,170,513
420981,2,683,170,513
421513,1,136,12,124
421513,2,136,12,124
421610,1,179,1,178
421610,2,179,1,178
421665,1,27,0,27
421665,2,27,0,27
421708,1,850,130,720
421708,2,850,130,720
421717,1,48,14,34
421717,2,48,14,34
421771,1,47,4,43
421771,2,47,4,43
421832,1,354,120,234
421832,2,354,120,234
421841,1,300,143,157
421841,2,300,143,157
421878,1,370,41,329
421878,2,370,41,329
421896,1,469,186,283
421896,2,469,186,283
422190,1,78,6,72
422190,2,78,6,72
422695,1,421,49,372
422695,2,421,49,372
422835,1,313,71,242
422835,2,313,71,242
423120,1,331,12,319
423120,2,331,12,319
423397,1,398,323,75
423397,2,398,323,75
423412,1,43,38,5
423412,2,43,38,5
423643,1,4182,1900,2282
423643,4,4182,1900,2282
423652,1,759,239,520
423652,2,759,239,520
425250,1,179,33,146
425250,2,179,33,146
425986,1,469,99,370
425986,2,469,99,370
426314,1,21272,17854,3418
426314,2,16002,13939,2063
426314,4,5270,3915,1355
427308,1,211,11,200
427308,2,211,11,200
427335,1,45,0,45
427335,2,45,0,45
427894,1,167,157,10
427894,2,167,157,10
427973,1,415,367,48
427973,2,415,367,48
427982,1,190,118,72
427982,2,190,118,72
427991,1,862,461,401
427991,2,862,461,401
428000,1,183,71,112
428000,2,183,71,112
428019,1,344,165,179
428019,2,344,165,179
428055,1,317,86,231
428055,2,317,86,231
428125,1,125,83,42
428125,2,125,83,42
428143,1,340,44,296
428143,2,340,44,296
428170,1,1081,142,939
428170,2,1081,142,939
428259,1,330,84,246
428259,2,231,52,179
428259,4,99,32,67
428392,1,3088,1257,1831
428392,2,3088,1257,1831
429012,1,756,718,38
429012,2,756,718,38
429085,1,139,47,92
429085,4,139,47,92
429094,1,216,53,163
429094,4,216,53,163
429128,1,1513,149,1364
429128,2,1513,149,1364
430184,1,4805,1332,3473
430184,2,3883,1022,2861
430184,4,922,310,612
430218,1,120,10,110
430218,2,120,10,110
430227,1,168,5,163
430227,2,168,5,163
430245,1,981,158,823
430245,2,981,158,823
430306,1,56,7,49
430306,2,56,7,49
430403,1,218,13,205
430403,2,218,13,205
430485,1,41,10,31
430485,2,41,10,31
430564,1,99,27,72
430564,2,99,27,72
430582,1,478,190,288
430582,2,478,190,288
430670,1,333,137,196
430670,2,45,7,38
430670,4,288,130,158
430704,1,137,45,92
430704,2,5,3,2
430704,4,132,42,90
430795,1,197,86,111
430795,2,197,86,111
430883,1,59,3,56
430883,2,59,3,56
430908,1,100,14,86
430908,2,100,14,86
430935,1,803,628,175
430935,2,803,628,175
430971,1,101,20,81
430971,2,101,20,81
431017,1,408,219,189
431017,2,408,219,189
431071,1,106,23,83
431071,2,106,23,83
431099,1,270,8,262
431099,2,270,8,262
431105,1,187,16,171
431105,2,187,16,171
431123,1,581,574,7
431123,2,581,574,7
431141,1,1982,693,1289
431141,2,1982,693,1289
431169,1,136,40,96
431169,2,136,40,96
431187,1,66,66,0
431187,2,66,66,0
431196,1,144,13,131
431196,2,144,13,131
431266,1,128,0,128
431266,2,128,0,128
431275,1,96,2,94
431275,2,96,2,94
431284,1,105,7,98
431284,2,105,7,98
431558,1,474,133,341
431558,2,474,133,341
431600,1,187,34,153
431600,2,187,34,153
431716,1,370,179,191
431716,2,370,179,191
431929,1,197,29,168
431929,2,197,29,168
431983,1,137,137,0
431983,2,137,137,0
432074,1,430,113,317
432074,2,430,113,317
432117,1,258,4,254
432117,2,258,4,254
432223,1,79,47,32
432223,2,70,43,27
432223,4,9,4,5
432269,1,89,67,22
432269,2,89,67,22
432348,1,152,74,78
432348,4,152,74,78
432384,1,812,211,601
432384,2,812,211,601
432524,1,120,35,85
432524,2,120,35,85
433004,1,423,94,329
433004,2,423,94,329
433013,1,490,152,338
433013,2,490,152,338
433040,1,35,4,31
433040,2,35,4,31
433068,1,519,288,231
433068,2,519,288,231
433101,1,1008,100,908
433101,2,1008,100,908
433138,1,205,36,169
433138,2,205,36,169
433165,1,11,2,9
433165,2,11,2,9
433174,1,661,68,593
433174,2,661,68,593
433387,1,174699,60167,114532
433387,2,124327,44571,79756
433387,4,50372,15596,34776
433420,1,445,232,213
433420,2,416,223,193
433420,4,29,9,20
433536,1,762,120,642
433536,2,713,107,606
433536,4,49,13,36
433660,1,16940,7297,9643
433660,2,15411,6808,8603
433660,4,1529,489,1040
433970,1,91,13,78
433970,2,91,13,78
434016,1,220,72,148
434016,2,220,72,148
434061,1,9113,3771,5342
434061,2,9113,3771,5342
434140,1,1333,276,1057
434140,2,1333,276,1057
434159,1,513,361,152
434159,2,513,361,152
434274,1,144,28,116
434274,2,144,28,116
434283,1,80,5,75
434283,2,80,5,75
434292,1,3,0,3
434292,2,3,0,3
434308,1,248,34,214
434308,2,248,34,214
434344,1,372,16,356
434344,2,372,16,356
434362,1,41,40,1
434362,2,41,40,1
434432,1,34,5,29
434432,2,34,5,29
434441,1,98,24,74
434441,4,98,24,74
434469,1,130,18,112
434469,2,130,18,112
434496,1,112,3,109
434496,2,112,3,109
434520,1,221,44,177
434520,2,221,44,177
434539,1,240,95,145
434539,2,240,95,145
434584,1,727,326,401
434584,2,727,326,401
434672,1,26826,10532,16294
434672,2,26826,10532,16294
434715,1,239,100,139
434715,4,239,100,139
434751,1,162,47,115
434751,2,162,47,115
434821,1,1414,98,1316
434821,2,1414,98,1316
434830,1,331,8,323
434830,2,331,8,323
434900,1,552,133,419
434900,2,552,133,419
434937,1,24,24,0
434937,2,24,24,0
435000,1,1039,350,689
435000,2,46,5,41
435000,4,993,345,648
436021,1,57,12,45
436021,4,57,12,45
436030,1,391,118,273
436030,2,391,118,273
436100,1,22,3,19
436100,2,22,3,19
436261,1,82,13,69
436261,4,82,13,69
436304,1,4410,2177,2233
436304,2,4410,2177,2233
436429,1,6039,4411,1628
436429,2,6039,4411,1628
436553,1,474,92,382
436553,2,474,92,382
436599,1,151,53,98
436599,2,151,53,98
436614,1,87,57,30
436614,2,51,26,25
436614,4,36,31,5
436632,1,255,23,232
436632,2,255,23,232
436641,1,195,47,148
436641,2,195,47,148
436650,1,335,15,320
436650,2,335,15,320
436775,1,261,15,246
436775,2,261,15,246
436818,1,1024,474,550
436818,2,1024,474,550
436827,1,704,327,377
436827,2,704,327,377
436836,1,2278,1150,1128
436836,2,2278,1150,1128
437097,1,1897,1197,700
437097,2,966,592,374
437097,4,931,605,326
437103,1,11633,4758,6875
437103,2,11633,4758,6875
437237,1,88,82,6
437237,2,88,82,6
437316,1,451,75,376
437316,2,451,75,376
437325,1,400,73,327
437325,2,360,63,297
437325,4,40,10,30
437556,1,701,234,467
437556,2,701,234,467
437608,1,246,162,84
437608,2,246,162,84
437635,1,800,71,729
437635,2,800,71,729
437705,1,17,0,17
437705,2,17,0,17
437723,1,142,58,84
437723,2,142,58,84
437732,1,330,52,278
437732,2,330,52,278
437750,1,148,129,19
437750,2,148,129,19
437769,1,282,19,263
437769,2,282,19,263
437778,1,402,44,358
437778,2,402,44,358
437857,1,181,6,175
437857,2,181,6,175
438151,1,530,262,268
438151,2,412,203,209
438151,4,118,59,59
438179,1,473,131,342
438179,2,473,131,342
438221,1,387,69,318
438221,2,387,69,318
438285,1,240,34,206
438285,2,240,34,206
438337,1,334,99,235
438337,2,334,99,235
438498,1,4172,1459,2713
438498,2,3541,1129,2412
438498,4,631,330,301
438504,1,1928,1851,77
438504,2,1928,1851,77
438586,1,3964,1309,2655
438586,2,3507,1148,2359
438586,4,457,161,296
438674,1,65,3,62
438674,2,65,3,62
438708,1,635,190,445
438708,2,635,190,445
438735,1,278,257,21
438735,2,278,257,21
438869,1,63,18,45
438869,2,63,18,45
438984,1,83,27,56
438984,2,83,27,56
439020,1,90,32,58
439020,2,23,10,13
439020,4,67,22,45
439118,1,597,75,522
439118,2,597,75,522
439145,1,6580,2661,3919
439145,2,6580,2661,3919
439190,1,4417,2275,2142
439190,2,4417,2275,2142
439288,1,1170,469,701
439288,2,1126,452,674
439288,4,44,17,27
439367,1,1050,299,751
439367,2,1050,299,751
439394,1,122,30,92
439394,4,122,30,92
439446,1,191,52,139
439446,2,55,17,38
439446,4,136,35,101
439455,1,645,36,609
439455,2,645,36,609
439473,1,315,127,188
439473,2,315,127,188
439491,1,458,102,356
439491,2,458,102,356
439507,1,277,45,232
439507,2,277,45,232
439570,1,921,62,859
439570,2,921,62,859
439613,1,191,111,80
439613,2,191,111,80
439622,1,741,253,488
439622,2,741,253,488
439668,1,274,244,30
439668,2,274,244,30
439686,1,139,10,129
439686,2,139,10,129
439701,1,759,346,413
439701,2,410,178,232
439701,4,349,168,181
439738,1,534,138,396
439738,2,534,138,396
439747,1,560,133,427
439747,2,560,133,427
439774,1,73,14,59
439774,2,73,14,59
439783,1,234,82,152
439783,2,104,30,74
439783,4,130,52,78
439792,1,624,58,566
439792,2,624,58,566
439817,1,164,87,77
439817,4,164,87,77
439844,1,76,1,75
439844,2,76,1,75
439862,1,66,34,32
439862,2,62,31,31
439862,4,4,3,1
439871,1,146,10,136
439871,2,146,10,136
439899,1,52,25,27
439899,2,52,25,27
439914,1,39,13,26
439914,4,39,13,26
439932,1,53,10,43
439932,2,53,10,43
439969,1,299,88,211
439969,2,152,43,109
439969,4,147,45,102
439996,1,159,43,116
439996,2,159,43,116
440004,1,27,9,18
440004,4,27,9,18
440031,1,653,268,385
440031,4,653,268,385
440059,1,1461,1361,100
440059,2,1461,1361,100
440101,1,190,11,179
440101,2,190,11,179
440217,1,47,3,44
440217,2,47,3,44
440226,1,89,5,84
440226,2,89,5,84
440262,1,543,520,23
440262,2,543,520,23
440271,1,99,83,16
440271,2,99,83,16
440396,1,208,98,110
440396,2,156,70,86
440396,4,52,28,24
440402,1,4869,1999,2870
440402,2,4869,1999,2870
440411,1,128,39,89
440411,4,128,39,89
440651,1,1077,266,811
440651,2,1077,266,811
440730,1,708,315,393
440730,2,708,315,393
440749,1,477,341,136
440749,2,477,341,136
440758,1,112,18,94
440758,2,112,18,94
440776,1,53,4,49
440776,2,53,4,49
440794,1,696,188,508
440794,2,575,158,417
440794,4,121,30,91
440819,1,82,35,47
440819,2,82,35,47
440828,1,1740,735,1005
440828,2,1241,618,623
440828,4,499,117,382
440855,1,132,7,125
440855,2,132,7,125
440916,1,624,263,361
440916,4,624,263,361
440989,1,880,722,158
440989,2,880,722,158
441025,1,878,196,682
441025,2,878,196,682
441052,1,1707,425,1282
441052,2,1707,425,1282
441070,1,184,66,118
441070,2,184,66,118
441104,1,324,79,245
441104,4,324,79,245
441131,1,260,78,182
441131,4,260,78,182
441168,1,41,2,39
441168,2,41,2,39
441210,1,690,275,415
441210,2,690,275,415
441229,1,1364,604,760
441229,2,1364,604,760
441238,1,97,36,61
441238,4,97,36,61
441256,1,148,3,145
441256,2,148,3,145
441362,1,286,31,255
441362,2,286,31,255
441371,1,27492,1531,25961
441371,2,27492,1531,25961
441380,1,403,234,169
441380,2,403,234,169
441414,1,321,102,219
441414,2,321,102,219
441423,1,476,139,337
441423,2,476,139,337
441487,1,82,4,78
441487,2,82,4,78
441496,1,326,295,31
441496,2,326,295,31
441502,1,570,44,526
441502,2,570,44,526
441511,1,579,197,382
441511,2,407,140,267
441511,4,172,57,115
441548,1,86,16,70
441548,2,86,16,70
441575,1,714,111,603
441575,2,714,111,603
441593,1,79,5,74
441593,2,79,5,74
441609,1,133,133,0
441609,2,133,133,0
441618,1,28,0,28
441618,2,28,0,28
441636,1,569,110,459
441636,2,554,105,449
441636,4,15,5,10
441645,1,213,6,207
441645,2,213,6,207
441663,1,542,38,504
441663,2,542,38,504
441672,1,66,5,61
441672,2,66,5,61
441690,1,302,175,127
441690,2,279,162,117
441690,4,23,13,10
441706,1,52,24,28
441706,2,52,24,28
441742,1,1463,160,1303
441742,2,1463,160,1303
441760,1,3899,1907,1992
441760,2,3899,1907,1992
441788,1,905,846,59
441788,2,905,846,59
441830,1,126,20,106
441830,2,126,20,106
441858,1,349,36,313
441858,2,349,36,313
441876,1,241,12,229
441876,2,241,12,229
441900,1,6404,1523,4881
441900,2,6404,1523,4881
441937,1,8348,3063,5285
441937,2,7870,2856,5014
441937,4,478,207,271
441982,1,428,212,216
441982,2,428,212,216
442064,1,95,28,67
442064,4,95,28,67
442073,1,818,207,611
442073,2,818,207,611
442134,1,904,109,795
442134,2,904,109,795
442161,1,62,20,42
442161,2,59,20,39
442161,4,3,0,3
442213,1,85,0,85
442213,2,85,0,85
442240,1,585,106,479
442240,2,585,106,479
442295,1,275,118,157
442295,4,275,118,157
442329,1,1559,1447,112
442329,2,1559,1447,112
442356,1,2141,281,1860
442356,2,1993,247,1746
442356,4,148,34,114
442383,1,200,21,179
442383,2,200,21,179
442392,1,181,46,135
442392,4,181,46,135
442426,1,694,78,616
442426,2,694,78,616
442435,1,62,18,44
442435,2,62,18,44
442523,1,113,48,65
442523,2,113,48,65
442569,1,10547,5507,5040
442569,2,8797,4559,4238
442569,4,1750,948,802
442602,1,589,93,496
442602,2,589,93,496
442611,1,1499,1451,48
442611,2,1499,1451,48
442639,1,458,333,125
442639,2,108,81,27
442639,4,350,252,98
442657,1,241,40,201
442657,2,241,40,201
442718,1,274,37,237
442718,2,274,37,237
442781,1,706,277,429
442781,2,706,277,429
442806,1,2017,975,1042
442806,4,2017,975,1042
442842,1,266,53,213
442842,2,78,18,60
442842,4,188,35,153
442879,1,1161,113,1048
442879,2,1161,113,1048
442888,1,201,163,38
442888,2,201,163,38
442930,1,1234,523,711
442930,2,1176,497,679
442930,4,58,26,32
442949,1,33,0,33
442949,2,33,0,33
442967,1,163,23,140
442967,2,163,23,140
442976,1,221,18,203
442976,2,221,18,203
442985,1,165,30,135
442985,2,165,30,135
443021,1,193,152,41
443021,2,193,152,41
443030,1,85,26,59
443030,4,85,26,59
443049,1,517,315,202
443049,2,232,137,95
443049,4,285,178,107
443058,1,122,59,63
443058,2,26,9,17
443058,4,96,50,46
443076,1,169,83,86
443076,4,169,83,86
443100,1,127,57,70
443100,2,127,57,70
443128,1,799,358,441
443128,4,799,358,441
443137,1,379,73,306
443137,2,379,73,306
443146,1,200,133,67
443146,2,200,133,67
443173,1,28,2,26
443173,2,28,2,26
443207,1,359,348,11
443207,2,359,348,11
443216,1,340,293,47
443216,2,340,293,47
443225,1,189,171,18
443225,2,189,171,18
443234,1,164,18,146
443234,2,164,18,146
443252,1,1536,1233,303
443252,2,1536,1233,303
443261,1,423,35,388
443261,2,423,35,388
443289,1,230,61,169
443289,2,230,61,169
443298,1,132,119,13
443298,2,132,119,13
443322,1,404,61,343
443322,2,404,61,343
443331,1,2872,661,2211
443331,2,2872,661,2211
443340,1,61,30,31
443340,2,43,22,21
443340,4,18,8,10
443377,1,141,132,9
443377,2,141,132,9
443410,1,1190,910,280
443410,2,1084,826,258
443410,4,106,84,22
443492,1,1913,728,1185
443492,2,1913,728,1185
443562,1,843,186,657
443562,2,664,133,531
443562,4,179,53,126
443571,1,200,180,20
443571,2,200,180,20
443599,1,1301,103,1198
443599,2,880,68,812
443599,4,421,35,386
443632,1,166,114,52
443632,2,166,114,52
443641,1,238,10,228
443641,2,238,10,228
443650,1,838,181,657
443650,2,838,181,657
443669,1,304,24,280
443669,2,304,24,280
443678,1,75,3,72
443678,2,75,3,72
443696,1,32,6,26
443696,2,32,6,26
443702,1,91,47,44
443702,4,91,47,44
443748,1,736,110,626
443748,2,736,110,626
443766,1,4876,880,3996
443766,2,4189,743,3446
443766,4,687,137,550
443784,1,3370,840,2530
443784,2,2911,694,2217
443784,4,459,146,313
443951,1,105,50,55
443951,2,105,50,55
443979,1,206,1,205
443979,2,206,1,205
444051,1,161,11,150
444051,2,161,11,150
444088,1,533,77,456
444088,2,533,77,456
444103,1,31,29,2
444103,4,31,29,2
444130,1,14913,4301,10612
444130,2,154,30,124
444130,4,14759,4271,10488
444194,1,198,9,189
444194,2,198,9,189
444200,1,342,46,296
444200,2,342,46,296
444219,1,12710,5539,7171
444219,2,12710,5539,7171
444228,1,39,0,39
444228,2,39,0,39
444255,1,274,61,213
444255,2,274,61,213
444264,1,206,58,148
444264,2,206,58,148
444282,1,108,3,105
444282,2,108,3,105
444291,1,140,5,135
444291,2,140,5,135
444307,1,110,4,106
444307,2,110,4,106
444316,1,185,15,170
444316,2,185,15,170
444325,1,50,9,41
444325,2,50,9,41
444334,1,115,15,100
444334,2,115,15,100
444343,1,193,34,159
444343,2,193,34,159
444361,1,135,40,95
444361,2,135,40,95
444370,1,94,94,0
444370,2,94,94,0
444398,1,176,78,98
444398,2,176,78,98
444404,1,46,26,20
444404,2,46,26,20
444413,1,143,143,0
444413,2,121,121,0
444413,4,22,22,0
444440,1,95,8,87
444440,2,95,8,87
444468,1,26,2,24
444468,2,26,2,24
444486,1,558,38,520
444486,2,558,38,520
444510,1,162,20,142
444510,2,162,20,142
444529,1,119,15,104
444529,2,119,15,104
444556,1,780,379,401
444556,2,780,379,401
444565,1,350,149,201
444565,2,350,149,201
444583,1,1127,592,535
444583,2,1127,592,535
444592,1,220,9,211
444592,2,220,9,211
444635,1,116,14,102
444635,2,116,14,102
444662,1,232,193,39
444662,2,232,193,39
444671,1,283,125,158
444671,2,283,125,158
444680,1,75,38,37
444680,2,75,38,37
444699,1,60,15,45
444699,4,60,15,45
444714,1,210,17,193
444714,2,210,17,193
444732,1,95,18,77
444732,2,95,18,77
444778,1,101,46,55
444778,2,63,28,35
444778,4,38,18,20
444787,1,1016,122,894
444787,2,1016,122,894
444796,1,200,110,90
444796,2,200,110,90
444811,1,292,57,235
444811,2,292,57,235
444857,1,110,3,107
444857,2,110,3,107
444866,1,290,38,252
444866,2,290,38,252
444893,1,544,78,466
444893,2,544,78,466
444936,1,381,87,294
444936,2,381,87,294
444945,1,853,81,772
444945,2,853,81,772
444954,1,2937,1357,1580
444954,2,2937,1357,1580
445027,1,21506,6690,14816
445027,2,19640,6048,13592
445027,4,1866,642,1224
445054,1,35,32,3
445054,4,35,32,3
445133,1,687,275,412
445133,2,523,197,326
445133,4,164,78,86
445188,1,8939,4349,4590
445188,2,8260,3984,4276
445188,4,679,365,314
445203,1,717,70,647
445203,2,717,70,647
445212,1,368,74,294
445212,2,368,74,294
445230,1,1479,289,1190
445230,2,1479,289,1190
445249,1,483,98,385
445249,2,483,98,385
445258,1,495,145,350
445258,2,495,145,350
445267,1,5801,1907,3894
445267,2,5324,1784,3540
445267,4,477,123,354
445300,1,53,27,26
445300,2,53,27,26
445364,1,1003,139,864
445364,2,1003,139,864
445461,1,666,245,421
445461,2,666,245,421
445498,1,46,46,0
445498,2,46,46,0
445540,1,101,4,97
445540,2,101,4,97
445638,1,95,20,75
445638,2,95,20,75
445647,1,195,10,185
445647,2,195,10,185
445656,1,249,16,233
445656,2,249,16,233
445692,1,532,470,62
445692,2,532,470,62
445708,1,1832,610,1222
445708,2,1832,610,1222
445735,1,1833,742,1091
445735,2,741,213,528
445735,4,1092,529,563
445744,1,629,123,506
445744,2,629,123,506
445762,1,358,343,15
445762,2,358,343,15
445780,1,47,1,46
445780,2,47,1,46
445799,1,1367,1319,48
445799,2,1367,1319,48
445841,1,261,5,256
445841,2,261,5,256
445850,1,199,8,191
445850,2,199,8,191
445869,1,419,155,264
445869,4,419,155,264
445911,1,1070,354,716
445911,2,1070,354,716
445948,1,1325,192,1133
445948,2,1325,192,1133
445957,1,437,122,315
445957,2,437,122,315
446002,1,102,22,80
446002,4,102,22,80
446039,1,35,13,22
446039,4,35,13,22
446048,1,1138,550,588
446048,2,1100,527,573
446048,4,38,23,15
446084,1,214,24,190
446084,2,214,24,190
446093,1,216,6,210
446093,2,216,6,210
446109,1,668,54,614
446109,2,668,54,614
446118,1,858,140,718
446118,2,858,140,718
446127,1,312,19,293
446127,2,312,19,293
446136,1,787,119,668
446136,2,787,119,668
446163,1,258,206,52
446163,2,258,206,52
446206,1,41,6,35
446206,2,41,6,35
446224,1,82,25,57
446224,2,11,6,5
446224,4,71,19,52
446233,1,257,136,121
446233,2,254,134,120
446233,4,3,2,1
446242,1,191,49,142
446242,2,191,49,142
446251,1,101,22,79
446251,2,101,22,79
446260,1,771,32,739
446260,2,771,32,739
446288,1,120,3,117
446288,2,120,3,117
446303,1,145,10,135
446303,2,145,10,135
446349,1,31,2,29
446349,2,31,2,29
446385,1,330,218,112
446385,2,330,218,112
446394,1,76,28,48
446394,2,46,20,26
446394,4,30,8,22
446455,1,53,48,5
446455,2,53,48,5
446516,1,17,7,10
446516,2,17,7,10
446525,1,630,545,85
446525,2,630,545,85
446534,1,38,34,4
446534,2,38,34,4
446552,1,2187,1093,1094
446552,2,2187,1093,1094
446561,1,1875,457,1418
446561,2,1682,429,1253
446561,4,193,28,165
446589,1,628,117,511
446589,2,628,117,511
446598,1,61,11,50
446598,2,61,11,50
446604,1,1990,1990,0
446604,2,1990,1990,0
446613,1,35,15,20
446613,2,35,15,20
446640,1,6666,3691,2975
446640,2,1117,613,504
446640,4,5549,3078,2471
446677,1,70,28,42
446677,2,70,28,42
446774,1,7829,2949,4880
446774,2,7829,2949,4880
446996,1,105,33,72
446996,2,105,33,72
447014,1,384,22,362
447014,2,384,22,362
447023,1,1355,690,665
447023,2,1355,690,665
447050,1,1263,289,974
447050,2,103,22,81
447050,4,1160,267,893
447148,1,259,21,238
447148,2,259,21,238
447166,1,95,4,91
447166,2,95,4,91
447175,1,96,2,94
447175,2,96,2,94
447263,1,1439,238,1201
447263,2,1439,238,1201
447379,1,549,120,429
447379,2,549,120,429
447403,1,619,581,38
447403,2,619,581,38
447421,1,281,52,229
447421,2,281,52,229
447430,1,167,24,143
447430,2,167,24,143
447449,1,56,8,48
447449,2,56,8,48
447458,1,1147,882,265
447458,2,1147,882,265
447467,1,409,33,376
447467,2,409,33,376
447582,1,1647,522,1125
447582,2,1647,522,1125
447591,1,1009,121,888
447591,2,1009,121,888
447607,1,1174,568,606
447607,2,1174,568,606
447616,1,1015,471,544
447616,2,1015,471,544
447689,1,15382,6559,8823
447689,2,15382,6559,8823
447698,1,132,31,101
447698,4,132,31,101
447704,1,133,5,128
447704,2,133,5,128
447713,1,201,52,149
447713,2,201,52,149
447722,1,42,11,31
447722,2,42,11,31
447731,1,413,34,379
447731,2,413,34,379
447759,1,251,74,177
447759,2,251,74,177
447768,1,2059,433,1626
447768,2,2059,433,1626
447777,1,925,555,370
447777,2,925,555,370
447795,1,95,13,82
447795,2,95,13,82
447801,1,242,84,158
447801,4,242,84,158
447810,1,507,29,478
447810,2,507,29,478
447847,1,373,348,25
447847,2,373,348,25
447865,1,48,25,23
447865,2,48,25,23
447874,1,456,445,11
447874,2,456,445,11
447883,1,339,66,273
447883,2,339,66,273
447892,1,238,33,205
447892,2,238,33,205
447908,1,97,9,88
447908,2,97,9,88
447917,1,57,11,46
447917,2,57,11,46
447935,1,362,28,334
447935,2,362,28,334
447953,1,768,424,344
447953,2,543,279,264
447953,4,225,145,80
447962,1,366,71,295
447962,2,366,71,295
447971,1,120,9,111
447971,2,120,9,111
447980,1,114,11,103
447980,2,114,11,103
447999,1,334,72,262
447999,2,334,72,262
448017,1,188,5,183
448017,2,188,5,183
448026,1,198,5,193
448026,2,198,5,193
448044,1,2,1,1
448044,2,2,1,1
448071,1,340,35,305
448071,2,340,35,305
448123,1,209,36,173
448123,2,209,36,173
448196,1,218,16,202
448196,2,218,16,202
448220,1,193,5,188
448220,2,193,5,188
448239,1,179,5,174
448239,2,179,5,174
448248,1,4095,2200,1895
448248,2,4095,2200,1895
448257,1,43,0,43
448257,2,43,0,43
448275,1,45,7,38
448275,2,45,7,38
448354,1,281,35,246
448354,2,281,35,246
448424,1,121,2,119
448424,2,121,2,119
448433,1,1713,1645,68
448433,2,1713,1645,68
448594,1,6574,2407,4167
448594,2,6574,2407,4167
448600,1,553,43,510
448600,2,553,43,510
448619,1,705,58,647
448619,2,705,58,647
448646,1,452,20,432
448646,2,452,20,432
448673,1,3192,364,2828
448673,2,3182,363,2819
448673,4,10,1,9
448691,1,242,45,197
448691,4,242,45,197
448707,1,169,35,134
448707,2,169,35,134
448752,1,196,91,105
448752,2,196,91,105
448761,1,147,49,98
448761,2,147,49,98
448770,1,442,420,22
448770,2,442,420,22
448798,1,198,12,186
448798,2,198,12,186
448840,1,5694,2091,3603
448840,2,4930,1771,3159
448840,4,764,320,444
448859,1,222,207,15
448859,2,222,207,15
448886,1,12750,4342,8408
448886,2,9496,3090,6406
448886,4,3254,1252,2002
448895,1,720,169,551
448895,2,720,169,551
448983,1,158,31,127
448983,2,158,31,127
449038,1,3213,1016,2197
449038,2,2528,767,1761
449038,4,685,249,436
449074,1,1221,176,1045
449074,2,1221,176,1045
449083,1,341,331,10
449083,2,341,331,10
449092,1,293,293,0
449092,2,293,293,0
449135,1,256,106,150
449135,2,254,104,150
449135,4,2,2,0
449250,1,875,172,703
449250,2,875,172,703
449311,1,357,9,348
449311,2,357,9,348
449320,1,744,717,27
449320,2,744,717,27
449339,1,87085,55849,31236
449339,2,72068,47025,25043
449339,4,15017,8824,6193
449348,1,168,59,109
449348,2,142,46,96
449348,4,26,13,13
449357,1,118,14,104
449357,2,118,14,104
449366,1,621,43,578
449366,2,621,43,578
449384,1,818,526,292
449384,2,818,526,292
449393,1,88,53,35
449393,2,88,53,35
449445,1,104,25,79
449445,2,104,25,79
449454,1,69,19,50
449454,2,69,19,50
449463,1,237,42,195
449463,2,237,42,195
449472,1,83,4,79
449472,2,83,4,79
449481,1,52,9,43
449481,4,52,9,43
449490,1,298,60,238
449490,2,298,60,238
449506,1,251,55,196
449506,2,251,55,196
449524,1,253,49,204
449524,2,253,49,204
449533,1,149,24,125
449533,2,149,24,125
449597,1,13,0,13
449597,2,13,0,13
449603,1,234,145,89
449603,2,234,145,89
449612,1,147,76,71
449612,2,147,76,71
449658,1,175,175,0
449658,2,175,175,0
449667,1,145,27,118
449667,2,145,27,118
449676,1,376,183,193
449676,2,376,183,193
449685,1,466,57,409
449685,2,466,57,409
449700,1,738,129,609
449700,2,738,129,609
449719,1,245,24,221
449719,2,245,24,221
449728,1,123,5,118
449728,2,123,5,118
449764,1,202,105,97
449764,2,191,100,91
449764,4,11,5,6
449773,1,347,118,229
449773,2,347,118,229
449782,1,86,1,85
449782,2,86,1,85
449807,1,162,2,160
449807,2,162,2,160
449816,1,872,454,418
449816,2,872,454,418
449834,1,37,33,4
449834,4,37,33,4
449861,1,370,31,339
449861,2,370,31,339
449870,1,342,158,184
449870,2,184,79,105
449870,4,158,79,79
449889,1,8416,2458,5958
449889,2,105,13,92
449889,4,8311,2445,5866
449898,1,1427,339,1088
449898,2,922,228,694
449898,4,505,111,394
449904,1,193,14,179
449904,2,193,14,179
449922,1,222,109,113
449922,4,222,109,113
449931,1,870,315,555
449931,2,412,169,243
449931,4,458,146,312
449959,1,317,38,279
449959,2,317,38,279
449968,1,385,67,318
449968,2,385,67,318
449977,1,275,19,256
449977,2,275,19,256
449986,1,439,50,389
449986,2,439,50,389
449995,1,272,19,253
449995,2,272,19,253
450021,1,361,79,282
450021,2,361,79,282
450058,1,1243,217,1026
450058,2,1243,217,1026
450067,1,688,228,460
450067,2,688,228,460
450119,1,349,49,300
450119,2,349,49,300
450128,1,729,55,674
450128,2,729,55,674
450298,1,540,138,402
450298,2,459,116,343
450298,4,81,22,59
450304,1,213,109,104
450304,4,213,109,104
450377,1,2071,435,1636
450377,2,1656,339,1317
450377,4,415,96,319
450395,1,211,11,200
450395,2,211,11,200
450401,1,566,61,505
450401,2,566,61,505
450571,1,1128,143,985
450571,2,1121,143,978
450571,4,7,0,7
450599,1,120,7,113
450599,2,120,7,113
450605,1,134,5,129
450605,2,134,5,129
450614,1,153,10,143
450614,2,153,10,143
450632,1,206,46,160
450632,2,206,46,160
450641,1,273,38,235
450641,2,273,38,235
450650,1,379,35,344
450650,2,379,35,344
450711,1,165,134,31
450711,2,165,134,31
450720,1,843,21,822
450720,2,843,21,822
450933,1,37306,23248,14058
450933,2,27335,17817,9518
450933,4,9971,5431,4540
450951,1,214,128,86
450951,2,214,128,86
450960,1,411,54,357
450960,2,411,54,357
450979,1,10960,6885,4075
450979,2,7549,4899,2650
450979,4,3411,1986,1425
450988,1,332,29,303
450988,2,332,29,303
451006,1,72,11,61
451006,2,72,11,61
451033,1,9,0,9
451033,2,9,0,9
451042,1,59,20,39
451042,2,59,20,39
451051,1,141,8,133
451051,2,141,8,133
451079,1,90,12,78
451079,4,90,12,78
451097,1,124,20,104
451097,2,124,20,104
451103,1,1653,534,1119
451103,2,971,246,725
451103,4,682,288,394
451121,1,197,14,183
451121,2,197,14,183
451149,1,738,39,699
451149,2,738,39,699
451158,1,910,50,860
451158,2,910,50,860
451167,1,235,94,141
451167,2,235,94,141
451194,1,32,1,31
451194,2,32,1,31
451228,1,478,395,83
451228,2,478,395,83
451237,1,265,13,252
451237,2,265,13,252
451255,1,103,6,97
451255,2,103,6,97
451264,1,231,44,187
451264,2,231,44,187
451282,1,154,6,148
451282,2,154,6,148
451291,1,40,8,32
451291,2,40,8,32
451307,1,74,3,71
451307,2,74,3,71
451316,1,59,10,49
451316,2,59,10,49
451334,1,404,157,247
451334,2,404,157,247
451343,1,174,6,168
451343,2,174,6,168
451352,1,553,52,501
451352,2,553,52,501
451370,1,79,79,0
451370,2,79,79,0
451398,1,260,260,0
451398,2,260,260,0
451404,1,396,396,0
451404,2,396,396,0
451413,1,720,197,523
451413,2,720,197,523
451459,1,150,47,103
451459,2,150,47,103
451468,1,373,7,366
451468,2,373,7,366
451477,1,2601,2179,422
451477,2,2601,2179,422
451495,1,126,12,114
451495,2,126,12,114
451501,1,393,125,268
451501,2,393,125,268
451510,1,684,296,388
451510,4,684,296,388
451529,1,104,2,102
451529,2,104,2,102
451547,1,42,2,40
451547,2,42,2,40
451556,1,2799,1074,1725
451556,2,2799,1074,1725
451565,1,228,14,214
451565,2,228,14,214
451574,1,171,5,166
451574,2,171,5,166
451583,1,1077,797,280
451583,2,1077,797,280
451626,1,141,38,103
451626,2,141,38,103
451635,1,72,12,60
451635,2,72,12,60
451671,1,2505,973,1532
451671,2,2314,895,1419
451671,4,191,78,113
451714,1,397,23,374
451714,2,397,23,374
451741,1,223,60,163
451741,2,223,60,163
451750,1,1863,252,1611
451750,2,1863,252,1611
451820,1,696,423,273
451820,2,696,423,273
451857,1,516,75,441
451857,2,516,75,441
451866,1,536,82,454
451866,2,536,82,454
451875,1,132,14,118
451875,2,132,14,118
451884,1,112,28,84
451884,2,112,28,84
451918,1,145,10,135
451918,2,145,10,135
451927,1,344,180,164
451927,2,344,180,164
452009,1,73,2,71
452009,2,73,2,71
452072,1,154,6,148
452072,2,154,6,148
452081,1,1010,44,966
452081,2,1010,44,966
452106,1,103,102,1
452106,2,103,102,1
452124,1,597,155,442
452124,2,597,155,442
452373,1,421,29,392
452373,2,421,29,392
452540,1,1,1,0
452540,2,1,1,0
452771,1,31,1,30
452771,2,31,1,30
452780,1,34,0,34
452780,2,34,0,34
452887,1,154,143,11
452887,2,154,143,11
452948,1,1031,113,918
452948,2,1031,113,918
453163,1,8687,1739,6948
453163,2,7198,1416,5782
453163,4,1489,323,1166
453215,1,1431,333,1098
453215,2,1263,288,975
453215,4,168,45,123
453297,1,38,16,22
453297,2,38,16,22
453756,1,237,151,86
453756,2,237,151,86
453792,1,115,16,99
453792,2,115,16,99
454184,1,700,249,451
454184,2,700,249,451
454227,1,41590,4227,37363
454227,2,23604,2445,21159
454227,4,17986,1782,16204
454236,1,806,94,712
454236,2,806,94,712
454245,1,950,140,810
454245,2,950,140,810
454306,1,289,23,266
454306,2,289,23,266
454458,1,76,17,59
454458,2,76,17,59
454537,1,73,1,72
454537,2,73,1,72
454546,1,100,3,97
454546,2,100,3,97
454555,1,275,13,262
454555,2,275,13,262
454573,1,254,6,248
454573,2,254,6,248
454582,1,399,133,266
454582,2,325,114,211
454582,4,74,19,55
454607,1,435,22,413
454607,2,435,22,413
454616,1,289,242,47
454616,2,289,242,47
454652,1,194,9,185
454652,2,194,9,185
454689,1,900,442,458
454689,2,4,1,3
454689,4,896,441,455
454698,1,711,293,418
454698,2,711,293,418
454722,1,74,20,54
454722,2,74,20,54
454759,1,46,36,10
454759,2,46,36,10
454768,1,342,45,297
454768,2,342,45,297
454777,1,344,43,301
454777,2,344,43,301
454786,1,1326,745,581
454786,2,1326,745,581
454795,1,437,107,330
454795,2,437,107,330
454801,1,145,19,126
454801,2,145,19,126
454810,1,4114,1350,2764
454810,2,4114,1350,2764
454829,1,8912,1506,7406
454829,2,5721,859,4862
454829,4,3191,647,2544
454838,1,35,4,31
454838,4,35,4,31
454847,1,179,31,148
454847,2,179,31,148
454856,1,1112,192,920
454856,2,1076,191,885
454856,4,36,1,35
454865,1,969,150,819
454865,2,969,150,819
454874,1,67,4,63
454874,2,67,4,63
454917,1,636,102,534
454917,2,636,102,534
454926,1,399,26,373
454926,2,399,26,373
454935,1,92,0,92
454935,2,92,0,92
454944,1,288,39,249
454944,2,288,39,249
454953,1,59,0,59
454953,2,59,0,59
454962,1,58,1,57
454962,2,58,1,57
454971,1,304,33,271
454971,2,304,33,271
454980,1,143,4,139
454980,2,143,4,139
454999,1,230,11,219
454999,2,230,11,219
455008,1,356,67,289
455008,2,356,67,289
455026,1,147,132,15
455026,2,147,132,15
455062,1,85,4,81
455062,2,85,4,81
455071,1,195,42,153
455071,2,195,42,153
455080,1,291,31,260
455080,2,291,31,260
455099,1,109,69,40
455099,4,109,69,40
455105,1,108,2,106
455105,2,108,2,106
455114,1,20998,8851,12147
455114,2,20998,8851,12147
455141,1,325,13,312
455141,2,325,13,312
455178,1,105,27,78
455178,4,105,27,78
455187,1,247,24,223
455187,2,247,24,223
455196,1,4925,450,4475
455196,2,4925,450,4475
455202,1,693,98,595
455202,2,693,98,595
455211,1,318,8,310
455211,2,318,8,310
455220,1,92,0,92
455220,2,92,0,92
455239,1,20,2,18
455239,2,20,2,18
455257,1,493,493,0
455257,2,493,493,0
455275,1,417,9,408
455275,2,417,9,408
455284,1,387,10,377
455284,2,387,10,377
455327,1,64,6,58
455327,2,64,6,58
455336,1,299,246,53
455336,2,299,246,53
455345,1,21,14,7
455345,2,21,14,7
455354,1,451,20,431
455354,2,451,20,431
455381,1,281,2,279
455381,2,281,2,279
455406,1,574,276,298
455406,4,574,276,298
455433,1,511,103,408
455433,4,511,103,408
455460,1,325,58,267
455460,2,325,58,267
455479,1,838,81,757
455479,2,838,81,757
455488,1,605,185,420
455488,2,605,185,420
455512,1,6281,2379,3902
455512,2,6281,2379,3902
455558,1,257,118,139
455558,2,257,118,139
455628,1,729,215,514
455628,2,729,215,514
455664,1,3891,727,3164
455664,2,295,44,251
455664,4,3596,683,2913
455707,1,54,10,44
455707,2,54,10,44
455725,1,997,52,945
455725,2,997,52,945
455734,1,388,93,295
455734,2,388,93,295
455761,1,436,48,388
455761,2,436,48,388
455770,1,179,100,79
455770,2,179,100,79
455798,1,143,10,133
455798,2,143,10,133
455804,1,200,144,56
455804,4,200,144,56
455813,1,75,40,35
455813,4,75,40,35
455831,1,288,28,260
455831,2,288,28,260
455840,1,165,18,147
455840,2,165,18,147
455859,1,392,13,379
455859,2,392,13,379
455868,1,492,62,430
455868,2,492,62,430
455877,1,197,13,184
455877,2,197,13,184
455886,1,184,12,172
455886,2,184,12,172
455895,1,430,39,391
455895,2,430,39,391
455901,1,299,17,282
455901,2,299,17,282
455910,1,63,14,49
455910,2,63,14,49
455929,1,65,3,62
455929,2,65,3,62
455956,1,155,30,125
455956,2,155,30,125
455965,1,220,13,207
455965,2,220,13,207
455974,1,382,40,342
455974,2,382,40,342
455983,1,503,199,304
455983,2,503,199,304
455992,1,466,132,334
455992,4,466,132,334
456001,1,76,72,4
456001,2,76,72,4
456029,1,311,14,297
456029,2,311,14,297
456038,1,885,94,791
456038,2,885,94,791
456065,1,226,5,221
456065,2,226,5,221
456074,1,233,11,222
456074,2,233,11,222
456126,1,136,10,126
456126,2,136,10,126
456135,1,149,3,146
456135,2,149,3,146
456153,1,158,127,31
456153,2,158,127,31
456180,1,55,4,51
456180,2,55,4,51
456205,1,866,127,739
456205,2,866,127,739
456214,1,507,294,213
456214,2,507,294,213
456287,1,145,5,140
456287,2,145,5,140
456454,1,679,234,445
456454,2,679,234,445
456481,1,210,109,101
456481,2,97,57,40
456481,4,113,52,61
456490,1,261,185,76
456490,2,204,147,57
456490,4,57,38,19
456506,1,211,10,201
456506,2,211,10,201
456515,1,173,8,165
456515,2,173,8,165
456542,1,543,264,279
456542,4,543,264,279
456551,1,138,3,135
456551,2,138,3,135
456560,1,540,184,356
456560,2,540,184,356
456579,1,947,355,592
456579,2,947,355,592
456588,1,54,1,53
456588,2,54,1,53
456597,1,190,6,184
456597,2,190,6,184
456621,1,331,100,231
456621,2,307,90,217
456621,4,24,10,14
456825,1,227,7,220
456825,2,227,7,220
456922,1,510,117,393
456922,2,510,117,393
456931,1,652,334,318
456931,2,652,334,318
456959,1,549,126,423
456959,2,549,126,423
456968,1,1235,54,1181
456968,2,1235,54,1181
456977,1,161,102,59
456977,2,161,102,59
457031,1,73,0,73
457031,2,73,0,73
457077,1,567,44,523
457077,2,567,44,523
457086,1,269,52,217
457086,2,269,52,217
457101,1,410,125,285
457101,2,410,125,285
457110,1,655,113,542
457110,2,655,113,542
457129,1,1441,198,1243
457129,2,1441,198,1243
457174,1,348,40,308
457174,2,348,40,308
457192,1,102,71,31
457192,2,102,71,31
457208,1,265,187,78
457208,2,265,187,78
457226,1,82,44,38
457226,2,82,44,38
457244,1,49,36,13
457244,2,49,36,13
457253,1,117,6,111
457253,2,117,6,111
457271,1,72,25,47
457271,4,72,25,47
457299,1,350,61,289
457299,2,350,61,289
457314,1,161,35,126
457314,2,161,35,126
457323,1,557,43,514
457323,2,557,43,514
457332,1,25,5,20
457332,2,25,5,20
457341,1,228,9,219
457341,2,228,9,219
457350,1,54,0,54
457350,2,54,0,54
457378,1,296,132,164
457378,2,296,132,164
457387,1,437,234,203
457387,2,437,234,203
457396,1,181,44,137
457396,2,181,44,137
457402,1,87,63,24
457402,2,76,59,17
457402,4,11,4,7
457411,1,475,438,37
457411,2,475,438,37
457420,1,258,20,238
457420,2,258,20,238
457439,1,69,4,65
457439,2,69,4,65
457448,1,193,10,183
457448,2,193,10,183
457466,1,27,22,5
457466,2,27,22,5
457475,1,144,4,140
457475,2,144,4,140
457484,1,190,113,77
457484,2,153,89,64
457484,4,37,24,13
457493,1,37,3,34
457493,2,37,3,34
457527,1,360,44,316
457527,2,360,44,316
457536,1,754,121,633
457536,2,754,121,633
457545,1,157,6,151
457545,2,157,6,151
457554,1,34,1,33
457554,2,34,1,33
457563,1,332,12,320
457563,2,332,12,320
457572,1,180,12,168
457572,2,180,12,168
457581,1,316,12,304
457581,2,316,12,304
457606,1,112,21,91
457606,2,112,21,91
457615,1,49,3,46
457615,2,49,3,46
457624,1,36,10,26
457624,2,36,10,26
457633,1,248,6,242
457633,2,248,6,242
457642,1,90,2,88
457642,2,90,2,88
457651,1,130,31,99
457651,2,130,31,99
457679,1,35,2,33
457679,2,35,2,33
457688,1,409,223,186
457688,2,372,204,168
457688,4,37,19,18
457697,1,142,63,79
457697,2,130,55,75
457697,4,12,8,4
457703,1,54,20,34
457703,2,54,20,34
457721,1,39,1,38
457721,2,39,1,38
457749,1,155,12,143
457749,2,155,12,143
457767,1,451,264,187
457767,2,451,264,187
457776,1,226,27,199
457776,2,226,27,199
457785,1,190,7,183
457785,2,190,7,183
457794,1,166,10,156
457794,2,166,10,156
457800,1,1593,617,976
457800,2,1593,617,976
457819,1,877,402,475
457819,2,877,402,475
457837,1,261,8,253
457837,2,261,8,253
457846,1,108,16,92
457846,2,108,16,92
457855,1,92,6,86
457855,2,92,6,86
457873,1,292,181,111
457873,2,292,181,111
457916,1,123,1,122
457916,2,123,1,122
457925,1,18,5,13
457925,2,18,5,13
457943,1,97,12,85
457943,2,97,12,85
457952,1,229,5,224
457952,2,229,5,224
457989,1,56,2,54
457989,2,56,2,54
457998,1,91,19,72
457998,2,91,19,72
458007,1,100,1,99
458007,2,100,1,99
458016,1,223,145,78
458016,2,223,145,78
458034,1,92,18,74
458034,2,92,18,74
458043,1,180,7,173
458043,2,180,7,173
458052,1,58,1,57
458052,2,58,1,57
458061,1,84,9,75
458061,2,84,9,75
458070,1,493,43,450
458070,2,493,43,450
458098,1,182,5,177
458098,2,182,5,177
458104,1,158,3,155
458104,2,158,3,155
458113,1,36,12,24
458113,2,36,12,24
458122,1,47,0,47
458122,2,47,0,47
458131,1,165,11,154
458131,2,165,11,154
458140,1,46,45,1
458140,2,46,45,1
458168,1,116,11,105
458168,2,116,11,105
458210,1,5292,1128,4164
458210,2,3776,840,2936
458210,4,1516,288,1228
458229,1,2553,597,1956
458229,2,2553,597,1956
458265,1,861,318,543
458265,2,861,318,543
458274,1,320,17,303
458274,2,320,17,303
458380,1,286,41,245
458380,2,286,41,245
458405,1,888,327,561
458405,2,888,327,561
458423,1,143,22,121
458423,2,143,22,121
458441,1,887,157,730
458441,2,887,157,730
458496,1,431,189,242
458496,2,431,189,242
458681,1,548,114,434
458681,2,548,114,434
458803,1,184,5,179
458803,2,184,5,179
458812,1,157,5,152
458812,2,157,5,152
458821,1,102,6,96
458821,2,102,6,96
458830,1,228,6,222
458830,2,228,6,222
458849,1,104,8,96
458849,2,104,8,96
458858,1,315,11,304
458858,2,315,11,304
458867,1,377,20,357
458867,2,377,20,357
458885,1,576,121,455
458885,2,470,101,369
458885,4,106,20,86
458919,1,11984,2575,9409
458919,2,10311,2181,8130
458919,4,1673,394,1279
458955,1,791,158,633
458955,2,706,135,571
458955,4,85,23,62
458964,1,4201,821,3380
458964,2,3577,690,2887
458964,4,624,131,493
458973,1,3834,1040,2794
458973,2,3362,879,2483
458973,4,472,161,311
458982,1,846,420,426
458982,2,846,420,426
459000,1,142,6,136
459000,2,142,6,136
459019,1,148,10,138
459019,2,148,10,138
459046,1,120,7,113
459046,2,120,7,113
459055,1,133,4,129
459055,2,133,4,129
459064,1,164,9,155
459064,2,164,9,155
459116,1,187,17,170
459116,2,187,17,170
459125,1,17,0,17
459125,2,17,0,17
459161,1,65,16,49
459161,2,65,16,49
459170,1,456,28,428
459170,2,456,28,428
459189,1,211,2,209
459189,2,211,2,209
459198,1,444,63,381
459198,2,444,63,381
459204,1,5063,926,4137
459204,2,5063,926,4137
459213,1,2882,576,2306
459213,2,2882,576,2306
459231,1,280,6,274
459231,2,280,6,274
459259,1,825,155,670
459259,2,596,104,492
459259,4,229,51,178
459268,1,728,137,591
459268,2,573,106,467
459268,4,155,31,124
459277,1,615,35,580
459277,2,615,35,580
459286,1,307,63,244
459286,2,307,63,244
459295,1,123,8,115
459295,2,123,8,115
459301,1,178,4,174
459301,2,178,4,174
459310,1,87,18,69
459310,2,87,18,69
459329,1,494,305,189
459329,2,494,305,189
459347,1,84,2,82
459347,2,84,2,82
459374,1,217,4,213
459374,2,217,4,213
459392,1,222,4,218
459392,2,222,4,218
459408,1,59,4,55
459408,2,59,4,55
459417,1,132,104,28
459417,2,132,104,28
459426,1,191,5,186
459426,2,191,5,186
459462,1,690,620,70
459462,2,690,620,70
459499,1,44,2,42
459499,2,44,2,42
459514,1,264,46,218
459514,2,264,46,218
459523,1,36,7,29
459523,2,36,7,29
459532,1,113,2,111
459532,2,113,2,111
459541,1,34,3,31
459541,2,34,3,31
459550,1,181,5,176
459550,2,181,5,176
459578,1,157,34,123
459578,2,157,34,123
459727,1,2431,693,1738
459727,2,734,224,510
459727,4,1697,469,1228
459736,1,1568,614,954
459736,4,1568,614,954
459745,1,814,144,670
459745,4,814,144,670
459824,1,1778,720,1058
459824,2,116,10,106
459824,4,1662,710,952
459842,1,706,113,593
459842,2,686,105,581
459842,4,20,8,12
459851,1,816,94,722
459851,2,802,89,713
459851,4,14,5,9
459949,1,7961,3124,4837
459949,2,6850,2717,4133
459949,4,1111,407,704
459958,1,625,120,505
459958,2,625,120,505
459967,1,848,256,592
459967,2,848,256,592
459985,1,853,393,460
459985,2,853,393,460
459994,1,17268,5905,11363
459994,2,11641,3535,8106
459994,4,5627,2370,3257
460011,1,292,7,285
460011,2,292,7,285
460020,1,661,150,511
460020,2,661,150,511
460075,1,56,33,23
460075,4,56,33,23
460093,1,167,8,159
460093,2,167,8,159
460109,1,255,8,247
460109,2,255,8,247
460118,1,327,13,314
460118,2,327,13,314
460127,1,193,10,183
460127,2,193,10,183
460136,1,1567,201,1366
460136,2,1567,201,1366
460145,1,334,181,153
460145,2,334,181,153
460172,1,1099,1031,68
460172,2,1099,1031,68
460181,1,1127,128,999
460181,2,1127,128,999
460190,1,729,69,660
460190,2,729,69,660
460206,1,1146,203,943
460206,2,1146,203,943
460349,1,2307,701,1606
460349,2,1454,425,1029
460349,4,853,276,577
460376,1,361,194,167
460376,2,67,45,22
460376,4,294,149,145
460385,1,71,10,61
460385,2,71,10,61
460394,1,15952,6608,9344
460394,2,15952,6608,9344
460446,1,247,9,238
460446,2,247,9,238
460455,1,143,35,108
460455,2,143,35,108
460464,1,15935,7226,8709
460464,2,15935,7226,8709
460482,1,392,36,356
460482,2,392,36,356
460516,1,197,9,188
460516,2,197,9,188
460525,1,147,15,132
460525,2,147,15,132
460534,1,454,19,435
460534,2,454,19,435
460543,1,1828,1750,78
460543,2,1828,1750,78
460552,1,75,26,49
460552,2,75,26,49
460570,1,210,23,187
460570,2,210,23,187
460598,1,270,55,215
460598,2,270,55,215
460677,1,561,170,391
460677,2,561,170,391
460701,1,269,59,210
460701,2,269,59,210
460738,1,3781,398,3383
460738,2,2120,240,1880
460738,4,1661,158,1503
460756,1,652,64,588
460756,2,652,64,588
460765,1,65,3,62
460765,2,65,3,62
460783,1,576,49,527
460783,2,576,49,527
460808,1,23,1,22
460808,2,23,1,22
460817,1,790,321,469
460817,2,790,321,469
460826,1,855,292,563
460826,2,855,292,563
460835,1,1556,287,1269
460835,2,1556,287,1269
460862,1,323,23,300
460862,2,323,23,300
460871,1,661,85,576
460871,2,661,85,576
460899,1,292,117,175
460899,2,292,117,175
460914,1,503,8,495
460914,2,503,8,495
460932,1,121,2,119
460932,2,121,2,119
460969,1,380,53,327
460969,2,380,53,327
460978,1,386,9,377
460978,2,386,9,377
460987,1,169,5,164
460987,2,169,5,164
460996,1,187,5,182
460996,2,187,5,182
461005,1,352,55,297
461005,2,352,55,297
461014,1,2065,189,1876
461014,2,2065,189,1876
461023,1,1155,129,1026
461023,2,1019,108,911
461023,4,136,21,115
461032,1,205,106,99
461032,2,205,106,99
461111,1,62,54,8
461111,2,62,54,8
461120,1,90,49,41
461120,4,90,49,41
461139,1,79,25,54
461139,4,79,25,54
461148,1,2363,1266,1097
461148,2,1826,979,847
461148,4,537,287,250
461157,1,69,58,11
461157,2,69,58,11
461175,1,454,41,413
461175,2,454,41,413
461193,1,311,12,299
461193,2,311,12,299
461218,1,507,57,450
461218,2,507,57,450
461245,1,205,56,149
461245,2,205,56,149
461254,1,59,11,48
461254,2,59,11,48
461263,1,108,10,98
461263,2,108,10,98
461272,1,72,0,72
461272,2,72,0,72
461281,1,576,11,565
461281,2,565,8,557
461281,4,11,3,8
461290,1,83,4,79
461290,2,83,4,79
461306,1,237,96,141
461306,2,237,96,141
461315,1,109,31,78
461315,2,109,31,78
461324,1,935,273,662
461324,2,935,273,662
461333,1,28,23,5
461333,2,28,23,5
461342,1,140,0,140
461342,2,140,0,140
461351,1,1433,351,1082
461351,2,1433,351,1082
461379,1,72,10,62
461379,2,72,10,62
461388,1,87,18,69
461388,2,87,18,69
461412,1,186,50,136
461412,2,186,50,136
461421,1,332,16,316
461421,2,332,16,316
461430,1,1026,956,70
461430,2,1026,956,70
461485,1,109,84,25
461485,4,109,84,25
461494,1,291,37,254
461494,2,291,37,254
461500,1,34,6,28
461500,2,34,6,28
461528,1,191,116,75
461528,2,149,88,61
461528,4,42,28,14
461537,1,25,2,23
461537,2,25,2,23
461555,1,168,5,163
461555,2,168,5,163
461573,1,158,151,7
461573,2,158,151,7
461582,1,206,1,205
461582,2,206,1,205
461591,1,192,15,177
461591,2,192,15,177
461607,1,172,30,142
461607,2,172,30,142
461625,1,65,62,3
461625,2,65,62,3
461643,1,71,7,64
461643,2,27,3,24
461643,4,44,4,40
461652,1,79,6,73
461652,2,79,6,73
461689,1,487,37,450
461689,2,487,37,450
461704,1,237,38,199
461704,2,237,38,199
461713,1,61,1,60
461713,2,61,1,60
461722,1,64,0,64
461722,2,64,0,64
461740,1,26,24,2
461740,2,26,24,2
461759,1,236,120,116
461759,2,236,120,116
461768,1,318,11,307
461768,2,318,11,307
461786,1,37,1,36
461786,2,37,1,36
461795,1,818,503,315
461795,2,346,221,125
461795,4,472,282,190
461810,1,70,8,62
461810,2,70,8,62
461829,1,337,65,272
461829,2,337,65,272
461838,1,264,2,262
461838,2,264,2,262
461847,1,151,151,0
461847,2,151,151,0
461856,1,611,235,376
461856,2,611,235,376
461865,1,209,18,191
461865,2,209,18,191
461874,1,127,9,118
461874,2,127,9,118
461883,1,256,114,142
461883,2,119,54,65
461883,4,137,60,77
461892,1,283,17,266
461892,2,283,17,266
461908,1,139,6,133
461908,2,139,6,133
461917,1,235,6,229
461917,2,235,6,229
461926,1,191,3,188
461926,2,191,3,188
461944,1,89,7,82
461944,2,89,7,82
461953,1,166,4,162
461953,2,166,4,162
461962,1,648,269,379
461962,2,648,269,379
461999,1,122,7,115
461999,2,122,7,115
462008,1,409,41,368
462008,2,409,41,368
462017,1,153,27,126
462017,2,153,27,126
462035,1,481,157,324
462035,2,481,157,324
462044,1,92,20,72
462044,4,92,20,72
462053,1,203,17,186
462053,2,203,17,186
462062,1,139,0,139
462062,2,139,0,139
462071,1,239,53,186
462071,2,239,53,186
462336,1,97,2,95
462336,2,97,2,95
462345,1,108,2,106
462345,2,108,2,106
462354,1,378,216,162
462354,2,345,192,153
462354,4,33,24,9
463056,1,1640,797,843
463056,2,1640,797,843
464226,1,785,453,332
464226,2,700,409,291
464226,4,85,44,41
465812,1,16147,3884,12263
465812,2,15745,3745,12000
465812,4,402,139,263
466152,1,128,36,92
466152,2,128,36,92
466161,1,146,31,115
466161,2,146,31,115
466189,1,158,57,101
466189,2,158,57,101
466921,1,761,76,685
466921,2,761,76,685
466930,1,1238,176,1062
466930,2,1238,176,1062
467094,1,460,13,447
467094,2,460,13,447
467863,1,338,49,289
467863,2,338,49,289
467872,1,300,6,294
467872,2,300,6,294
467906,1,234,6,228
467906,2,234,6,228
468024,1,203,38,165
468024,2,145,26,119
468024,4,58,12,46
468246,1,364,26,338
468246,2,364,26,338
468255,1,93,4,89
468255,2,93,4,89
468705,1,73,10,63
468705,2,73,10,63
468769,1,197,183,14
468769,2,197,183,14
468848,1,750,342,408
468848,2,750,342,408
468893,1,209,13,196
468893,2,209,13,196
468909,1,965,369,596
468909,2,965,369,596
468963,1,694,671,23
468963,2,694,671,23
469416,1,441,150,291
469416,2,441,150,291
469610,1,173,27,146
469610,2,173,27,146
469629,1,238,224,14
469629,2,238,224,14
469638,1,574,234,340
469638,2,574,234,340
469911,1,388,21,367
469911,2,388,21,367
469920,1,382,22,360
469920,2,382,22,360
469957,1,307,19,288
469957,2,307,19,288
470038,1,1236,442,794
470038,2,1236,442,794
470047,1,72,10,62
470047,2,72,10,62
470296,1,27,6,21
470296,2,27,6,21
470393,1,145,19,126
470393,2,145,19,126
474863,1,3474,810,2664
474863,2,2920,672,2248
474863,4,554,138,416
474890,1,710,269,441
474890,2,710,269,441
474906,1,100,21,79
474906,2,100,21,79
474915,1,525,23,502
474915,2,525,23,502
474924,1,255,2,253
474924,2,255,2,253
475015,1,219,6,213
475015,2,219,6,213
475024,1,454,173,281
475024,2,454,173,281
475033,1,4379,1122,3257
475033,2,338,69,269
475033,4,4041,1053,2988
475060,1,542,68,474
475060,2,542,68,474
475097,1,150,82,68
475097,2,150,82,68
475121,1,11069,2104,8965
475121,2,6036,1244,4792
475121,4,5033,860,4173
475130,1,121,4,117
475130,2,121,4,117
475200,1,366,97,269
475200,2,366,97,269
475228,1,88,35,53
475228,4,88,35,53
475237,1,158,158,0
475237,2,56,56,0
475237,4,102,102,0
475273,1,1338,287,1051
475273,2,1003,213,790
475273,4,335,74,261
475282,1,213,64,149
475282,2,213,64,149
475325,1,522,61,461
475325,2,522,61,461
475398,1,280,162,118
475398,2,131,74,57
475398,4,149,88,61
475404,1,186,2,184
475404,2,186,2,184
475413,1,76,7,69
475413,2,76,7,69
475422,1,144,14,130
475422,2,144,14,130
475431,1,226,30,196
475431,2,226,30,196
475459,1,946,408,538
475459,2,946,408,538
475468,1,202,5,197
475468,2,202,5,197
475477,1,395,93,302
475477,2,395,93,302
475486,1,463,33,430
475486,2,463,33,430
475495,1,955,377,578
475495,4,955,377,578
475510,1,87,11,76
475510,4,87,11,76
475538,1,43,1,42
475538,2,43,1,42
475547,1,196,44,152
475547,2,196,44,152
475556,1,245,13,232
475556,2,245,13,232
475565,1,1010,467,543
475565,2,1010,467,543
475574,1,116,54,62
475574,2,116,54,62
475608,1,272,176,96
475608,2,201,132,69
475608,4,71,44,27
475635,1,23,10,13
475635,2,23,10,13
475653,1,50,5,45
475653,2,50,5,45
475662,1,191,7,184
475662,2,191,7,184
475705,1,37,11,26
475705,2,37,11,26
475714,1,635,443,192
475714,2,635,443,192
475723,1,496,248,248
475723,2,496,248,248
475732,1,1488,147,1341
475732,2,1488,147,1341
475741,1,335,29,306
475741,2,335,29,306
475750,1,125,25,100
475750,2,125,25,100
475839,1,316,106,210
475839,2,316,106,210
476063,1,372,353,19
476063,2,372,353,19
476179,1,217,11,206
476179,2,217,11,206
476230,1,84,5,79
476230,2,84,5,79
476294,1,194,33,161
476294,2,194,33,161
476355,1,146,71,75
476355,2,146,71,75
476489,1,233,182,51
476489,2,233,182,51
476498,1,252,199,53
476498,2,252,199,53
476513,1,97,5,92
476513,2,97,5,92
476540,1,264,16,248
476540,2,264,16,248
476559,1,209,20,189
476559,2,209,20,189
476568,1,22,16,6
476568,2,22,16,6
476586,1,202,4,198
476586,2,202,4,198
476595,1,121,11,110
476595,2,121,11,110
476601,1,80,80,0
476601,2,80,80,0
476610,1,91,70,21
476610,2,91,70,21
476629,1,163,5,158
476629,2,163,5,158
476674,1,51,4,47
476674,2,51,4,47
476683,1,514,42,472
476683,2,514,42,472
476692,1,28,28,0
476692,2,28,28,0
476708,1,235,192,43
476708,2,235,192,43
476717,1,660,660,0
476717,2,660,660,0
476726,1,1037,181,856
476726,2,1037,181,856
476735,1,63,30,33
476735,2,63,30,33
476753,1,233,9,224
476753,2,233,9,224
476771,1,27,19,8
476771,2,27,19,8
476780,1,286,33,253
476780,2,286,33,253
476799,1,521,118,403
476799,2,521,118,403
476805,1,55,1,54
476805,2,55,1,54
476814,1,522,428,94
476814,2,522,428,94
476823,1,118,10,108
476823,2,118,10,108
476841,1,277,19,258
476841,2,277,19,258
476850,1,112,85,27
476850,2,112,85,27
476869,1,177,4,173
476869,2,177,4,173
476878,1,161,6,155
476878,2,161,6,155
476887,1,509,13,496
476887,2,509,13,496
476896,1,114,7,107
476896,2,114,7,107
476902,1,94,6,88
476902,2,94,6,88
476939,1,783,107,676
476939,2,783,107,676
476948,1,1100,875,225
476948,2,1100,875,225
476957,1,23,0,23
476957,2,23,0,23
476966,1,684,625,59
476966,2,684,625,59
476975,1,19374,7993,11381
476975,2,12757,5573,7184
476975,4,6617,2420,4197
476984,1,289,17,272
476984,2,289,17,272
476993,1,341,3,338
476993,2,341,3,338
477002,1,79,0,79
477002,2,79,0,79
477039,1,1469,216,1253
477039,2,1374,199,1175
477039,4,95,17,78
477950,1,111,20,91
477950,2,111,20,91
477996,1,76,13,63
477996,2,76,13,63
478014,1,221,67,154
478014,2,221,67,154
478582,1,191,5,186
478582,2,191,5,186
478591,1,248,13,235
478591,2,248,13,235
478616,1,186,7,179
478616,2,186,7,179
478634,1,362,201,161
478634,2,362,201,161
478661,1,218,52,166
478661,2,218,52,166
478917,1,71,2,69
478917,2,71,2,69
478953,1,250,13,237
478953,2,250,13,237
479062,1,91,89,2
479062,2,91,89,2
479248,1,326,100,226
479248,2,326,100,226
479424,1,573,74,499
479424,2,573,74,499
479956,1,19841,10107,9734
479956,2,11255,5637,5618
479956,4,8586,4470,4116
479965,1,314,103,211
479965,2,314,103,211
479974,1,160,54,106
479974,2,160,54,106
479983,1,94,10,84
479983,2,94,10,84
479992,1,85,80,5
479992,2,85,80,5
480000,1,84,56,28
480000,2,84,56,28
480019,1,1219,1146,73
480019,2,1219,1146,73
480028,1,293,227,66
480028,2,293,227,66
480037,1,3419,2760,659
480037,2,3419,2760,659
480073,1,623,146,477
480073,2,564,131,433
480073,4,59,15,44
480082,1,181,36,145
480082,2,135,26,109
480082,4,46,10,36
480091,1,11580,1472,10108
480091,2,11580,1472,10108
480125,1,544,24,520
480125,2,544,24,520
480161,1,25,1,24
480161,2,25,1,24
480170,1,192,13,179
480170,2,192,13,179
480189,1,725,271,454
480189,2,725,271,454
480198,1,696,211,485
480198,2,579,175,404
480198,4,117,36,81
480204,1,718,132,586
480204,2,718,132,586
480301,1,75,21,54
480301,4,75,21,54
480310,1,189,8,181
480310,2,189,8,181
480347,1,100,9,91
480347,2,100,9,91
480471,1,1049,309,740
480471,2,1049,309,740
480499,1,70,44,26
480499,2,25,15,10
480499,4,45,29,16
480523,1,179,8,171
480523,2,179,8,171
480532,1,148,6,142
480532,2,148,6,142
480550,1,163,16,147
480550,2,163,16,147
480569,1,3904,1753,2151
480569,2,2566,1055,1511
480569,4,1338,698,640
480657,1,985,129,856
480657,2,984,129,855
480657,4,1,0,1
480693,1,225,56,169
480693,2,225,56,169
480727,1,60,58,2
480727,2,60,58,2
480736,1,191,102,89
480736,2,191,102,89
480781,1,282,186,96
480781,2,92,61,31
480781,4,190,125,65
480790,1,955,553,402
480790,4,955,553,402
480824,1,386,33,353
480824,2,386,33,353
480833,1,953,73,880
480833,2,953,73,880
480842,1,42,11,31
480842,2,42,11,31
480851,1,94,53,41
480851,2,94,53,41
480879,1,68,6,62
480879,2,68,6,62
480888,1,447,159,288
480888,2,447,159,288
480903,1,1038,967,71
480903,2,1038,967,71
480912,1,17,7,10
480912,2,17,7,10
480921,1,86,72,14
480921,2,86,72,14
480930,1,203,10,193
480930,2,203,10,193
480967,1,275,120,155
480967,2,275,120,155
480976,1,85,5,80
480976,2,85,5,80
480985,1,341,3,338
480985,2,335,3,332
480985,4,6,0,6
480994,1,82,1,81
480994,2,82,1,81
481003,1,352,301,51
481003,2,352,301,51
481021,1,54,35,19
481021,2,54,35,19
481030,1,39,14,25
481030,4,39,14,25
481049,1,56,9,47
481049,2,56,9,47
481058,1,253,123,130
481058,2,85,37,48
481058,4,168,86,82
481085,1,335,42,293
481085,2,335,42,293
481094,1,178,21,157
481094,4,178,21,157
481100,1,188,61,127
481100,2,188,61,127
481128,1,171,14,157
481128,2,171,14,157
481137,1,80,45,35
481137,2,80,45,35
481146,1,372,15,357
481146,2,372,15,357
481155,1,458,164,294
481155,2,458,164,294
481182,1,34,5,29
481182,2,34,5,29
481191,1,350,105,245
481191,2,350,105,245
481207,1,240,58,182
481207,2,240,58,182
481225,1,32,16,16
481225,2,32,16,16
481243,1,269,1,268
481243,2,269,1,268
481252,1,103,13,90
481252,2,103,13,90
481289,1,159,29,130
481289,2,159,29,130
481298,1,91,3,88
481298,2,91,3,88
481313,1,151,5,146
481313,2,151,5,146
481322,1,23,1,22
481322,2,23,1,22
481331,1,213,171,42
481331,2,213,171,42
481340,1,96,3,93
481340,2,96,3,93
481368,1,84,4,80
481368,2,84,4,80
481386,1,272,31,241
481386,2,272,31,241
481401,1,796,557,239
481401,2,301,215,86
481401,4,495,342,153
481410,1,98,98,0
481410,2,98,98,0
481429,1,249,29,220
481429,2,249,29,220
481438,1,80,80,0
481438,2,80,80,0
481447,1,58,7,51
481447,2,58,7,51
481456,1,42,9,33
481456,2,42,9,33
481465,1,128,4,124
481465,2,128,4,124
481474,1,186,2,184
481474,2,186,2,184
481483,1,429,21,408
481483,2,429,21,408
481508,1,192,15,177
481508,2,192,15,177
481517,1,150,6,144
481517,2,150,6,144
481526,1,221,2,219
481526,2,221,2,219
481544,1,58,34,24
481544,2,58,34,24
481571,1,9,0,9
481571,2,9,0,9
481678,1,143,4,139
481678,2,143,4,139
481720,1,129,23,106
481720,2,95,19,76
481720,4,34,4,30
481739,1,120,1,119
481739,2,120,1,119
481748,1,216,4,212
481748,2,216,4,212
481845,1,108,4,104
481845,2,108,4,104
481863,1,160,5,155
481863,2,160,5,155
481890,1,126,5,121
481890,2,126,5,121
481906,1,220,19,201
481906,2,220,19,201
481960,1,210,132,78
481960,2,210,132,78
482015,1,1167,662,505
482015,2,1167,662,505
482060,1,504,57,447
482060,2,504,57,447
482097,1,779,465,314
482097,2,779,465,314
482149,1,9575,3424,6151
482149,2,6206,2210,3996
482149,4,3369,1214,2155
482158,1,9654,4077,5577
482158,2,9367,3924,5443
482158,4,287,153,134
482167,1,289,2,287
482167,2,289,2,287
482176,1,289,20,269
482176,2,289,20,269
482185,1,155,98,57
482185,2,155,98,57
482194,1,128,36,92
482194,2,128,36,92
482200,1,118,26,92
482200,2,118,26,92
482228,1,289,189,100
482228,2,225,141,84
482228,4,64,48,16
482246,1,42,39,3
482246,2,42,39,3
482255,1,564,520,44
482255,2,564,520,44
482291,1,1558,670,888
482291,2,1558,670,888
482325,1,129,29,100
482325,2,129,29,100
482334,1,12,6,6
482334,2,12,6,6
482370,1,395,54,341
482370,2,395,54,341
482413,1,2283,1302,981
482413,2,1509,912,597
482413,4,774,390,384
482422,1,714,455,259
482422,2,557,378,179
482422,4,157,77,80
482431,1,3840,2331,1509
482431,2,3071,1928,1143
482431,4,769,403,366
482440,1,262,111,151
482440,2,247,105,142
482440,4,15,6,9
482459,1,1258,597,661
482459,2,944,458,486
482459,4,314,139,175
482468,1,1800,786,1014
482468,2,1408,627,781
482468,4,392,159,233
482477,1,28479,10490,17989
482477,2,21875,7851,14024
482477,4,6604,2639,3965
482486,1,90,33,57
482486,2,69,25,44
482486,4,21,8,13
482538,1,175,112,63
482538,2,148,105,43
482538,4,27,7,20
482547,1,187,118,69
482547,2,144,98,46
482547,4,43,20,23
482556,1,553,380,173
482556,2,475,346,129
482556,4,78,34,44
482565,1,190,75,115
482565,2,115,54,61
482565,4,75,21,54
482574,1,1117,625,492
482574,2,946,541,405
482574,4,171,84,87
482608,1,438,205,233
482608,2,288,150,138
482608,4,150,55,95
482617,1,86,49,37
482617,2,60,40,20
482617,4,26,9,17
482635,1,933,557,376
482635,2,699,435,264
482635,4,234,122,112
482653,1,546,295,251
482653,2,289,169,120
482653,4,257,126,131
482680,1,23032,9966,13066
482680,2,22212,9692,12520
482680,4,820,274,546
482699,1,3226,1110,2116
482699,2,3226,1110,2116
482705,1,15183,6635,8548
482705,2,5057,2285,2772
482705,4,10126,4350,5776
482936,1,1487,1283,204
482936,2,1452,1255,197
482936,4,35,28,7
482963,1,534,68,466
482963,2,534,68,466
482972,1,150,19,131
482972,2,150,19,131
482981,1,245,199,46
482981,2,245,199,46
482990,1,485,59,426
482990,2,485,59,426
483009,1,195,30,165
483009,2,195,30,165
483018,1,115,43,72
483018,2,115,43,72
483036,1,3190,1291,1899
483036,2,2475,1024,1451
483036,4,715,267,448
483045,1,12157,4494,7663
483045,2,12157,4494,7663
483054,1,134,111,23
483054,2,134,111,23
483106,1,235,26,209
483106,2,235,26,209
483124,1,58961,23095,35866
483124,2,46027,18848,27179
483124,4,12934,4247,8687
483212,1,5616,2223,3393
483212,2,5616,2223,3393
483230,1,267,260,7
483230,2,267,260,7
483258,1,66,59,7
483258,2,66,59,7
483276,1,72,62,10
483276,2,72,62,10
483328,1,210,28,182
483328,2,210,28,182
483337,1,254,13,241
483337,2,254,13,241
483346,1,64,9,55
483346,2,64,9,55
483355,1,344,14,330
483355,2,344,14,330
483364,1,230,7,223
483364,2,230,7,223
483373,1,70,0,70
483373,2,70,0,70
483382,1,374,371,3
483382,2,374,371,3
483425,1,69,1,68
483425,2,69,1,68
483443,1,1010,848,162
483443,2,1010,848,162
483470,1,113,9,104
483470,2,113,9,104
483504,1,906,271,635
483504,2,906,271,635
483513,1,89,46,43
483513,2,89,46,43
483559,1,144,8,136
483559,2,144,8,136
483577,1,48,2,46
483577,2,48,2,46
483586,1,15,6,9
483586,2,4,2,2
483586,4,11,4,7
483595,1,650,208,442
483595,2,243,97,146
483595,4,407,111,296
483638,1,179,19,160
483638,2,179,19,160
483647,1,65,0,65
483647,2,65,0,65
483665,1,45,2,43
483665,2,45,2,43
483708,1,649,97,552
483708,2,649,97,552
483717,1,43,2,41
483717,2,43,2,41
483726,1,56,1,55
483726,2,56,1,55
483735,1,57,1,56
483735,2,57,1,56
483744,1,101,86,15
483744,2,101,86,15
483753,1,51,47,4
483753,2,51,47,4
483780,1,467,296,171
483780,2,116,72,44
483780,4,351,224,127
483799,1,53,14,39
483799,2,53,14,39
483814,1,562,68,494
483814,2,562,68,494
483823,1,855,745,110
483823,2,855,745,110
483841,1,238,17,221
483841,2,238,17,221
483850,1,27,9,18
483850,2,27,9,18
483869,1,125,12,113
483869,2,125,12,113
483878,1,252,39,213
483878,2,252,39,213
483887,1,85,18,67
483887,2,85,18,67
483896,1,296,15,281
483896,2,296,15,281
483911,1,25,0,25
483911,2,25,0,25
483920,1,228,165,63
483920,2,228,165,63
483939,1,47,19,28
483939,2,47,19,28
483948,1,48,37,11
483948,2,48,37,11
483957,1,66,15,51
483957,2,66,15,51
483975,1,655,367,288
483975,4,655,367,288
484002,1,947,108,839
484002,2,947,108,839
484011,1,204,48,156
484011,2,204,48,156
484020,1,43,35,8
484020,2,43,35,8
484039,1,315,74,241
484039,2,315,74,241
484048,1,28,25,3
484048,2,28,25,3
484057,1,440,39,401
484057,2,440,39,401
484066,1,747,37,710
484066,2,747,37,710
484075,1,74,64,10
484075,2,74,64,10
484084,1,96,1,95
484084,2,96,1,95
484093,1,177,1,176
484093,2,177,1,176
484109,1,135,5,130
484109,2,135,5,130
484127,1,152,27,125
484127,2,152,27,125
484136,1,57,6,51
484136,2,57,6,51
484163,1,221,50,171
484163,2,221,50,171
484172,1,105,28,77
484172,2,105,28,77
484190,1,50,46,4
484190,2,50,46,4
484206,1,255,6,249
484206,2,255,6,249
484233,1,372,217,155
484233,2,372,217,155
484321,1,122,6,116
484321,2,122,6,116
484330,1,92,5,87
484330,2,92,5,87
484349,1,185,10,175
484349,2,185,10,175
484358,1,202,20,182
484358,2,202,20,182
484367,1,373,38,335
484367,2,373,38,335
484376,1,670,74,596
484376,2,670,74,596
484385,1,249,44,205
484385,2,249,44,205
484394,1,250,39,211
484394,2,250,39,211
484473,1,4525,1886,2639
484473,2,4525,1886,2639
484604,1,705,21,684
484604,2,705,21,684
484613,1,149556,46648,102908
484613,2,110739,36307,74432
484613,4,38817,10341,28476
484631,1,8614,5275,3339
484631,2,6818,4393,2425
484631,4,1796,882,914
484640,1,113,59,54
484640,2,99,52,47
484640,4,14,7,7
484668,1,281,160,121
484668,2,245,140,105
484668,4,36,20,16
484677,1,168,71,97
484677,2,148,62,86
484677,4,20,9,11
484695,1,63,19,44
484695,2,54,16,38
484695,4,9,3,6
484710,1,408,214,194
484710,2,346,191,155
484710,4,62,23,39
484729,1,79,35,44
484729,2,68,32,36
484729,4,11,3,8
484747,1,74,19,55
484747,2,73,19,54
484747,4,1,0,1
484756,1,1082,641,441
484756,2,863,513,350
484756,4,219,128,91
484765,1,146,100,46
484765,2,89,62,27
484765,4,57,38,19
484783,1,64,16,48
484783,2,64,16,48
484826,1,121,0,121
484826,2,121,0,121
484835,1,345,104,241
484835,2,345,104,241
484862,1,254,99,155
484862,2,7,2,5
484862,4,247,97,150
484871,1,123,123,0
484871,2,123,123,0
484899,1,302,12,290
484899,2,302,12,290
484905,1,4512,1462,3050
484905,2,3560,1124,2436
484905,4,952,338,614
484923,1,168,2,166
484923,2,168,2,166
484932,1,2088,818,1270
484932,2,2088,818,1270
484950,1,211,26,185
484950,2,211,26,185
484996,1,156,10,146
484996,2,156,10,146
485014,1,109,4,105
485014,2,109,4,105
485032,1,262,9,253
485032,2,262,9,253
485111,1,16848,6153,10695
485111,2,16848,6153,10695
485120,1,146,4,142
485120,2,146,4,142
485139,1,604,463,141
485139,2,604,463,141
485166,1,177,31,146
485166,2,177,31,146
485236,1,77,1,76
485236,2,77,1,76
485263,1,933,502,431
485263,2,933,502,431
485272,1,1294,166,1128
485272,2,1294,166,1128
485290,1,698,244,454
485290,4,698,244,454
485306,1,57,4,53
485306,2,57,4,53
485342,1,348,150,198
485342,2,348,150,198
485360,1,40,4,36
485360,2,40,4,36
485379,1,294,68,226
485379,2,294,68,226
485388,1,395,54,341
485388,2,395,54,341
485397,1,208,6,202
485397,2,208,6,202
485403,1,34,9,25
485403,4,34,9,25
485412,1,132,27,105
485412,2,132,27,105
485458,1,5371,2052,3319
485458,2,5371,2052,3319
485476,1,121,0,121
485476,2,121,0,121
485485,1,268,34,234
485485,2,268,34,234
485494,1,118,95,23
485494,2,118,95,23
485500,1,156,135,21
485500,2,156,135,21
485519,1,678,473,205
485519,2,678,473,205
485537,1,98,34,64
485537,4,98,34,64
485546,1,723,388,335
485546,2,260,121,139
485546,4,463,267,196
485564,1,282,6,276
485564,2,282,6,276
485573,1,191,24,167
485573,2,191,24,167
485582,1,188,12,176
485582,2,188,12,176
485591,1,37,0,37
485591,2,37,0,37
485607,1,59,4,55
485607,2,59,4,55
485698,1,74,63,11
485698,2,74,63,11
485704,1,23,2,21
485704,2,23,2,21
485731,1,26,1,25
485731,2,26,1,25
485768,1,362,231,131
485768,2,189,128,61
485768,4,173,103,70
485801,1,164,11,153
485801,2,164,11,153
485810,1,22,20,2
485810,2,22,20,2
485856,1,42,11,31
485856,2,42,11,31
485874,1,191,9,182
485874,2,191,9,182
485908,1,233,50,183
485908,2,233,50,183
485926,1,219,6,213
485926,2,219,6,213
485953,1,60,53,7
485953,2,60,53,7
485962,1,47,26,21
485962,2,47,26,21
485999,1,139,139,0
485999,2,139,139,0
486017,1,40,40,0
486017,2,40,40,0
486026,1,116,116,0
486026,2,116,116,0
486053,1,219,167,52
486053,2,127,77,50
486053,4,92,90,2
486080,1,25,19,6
486080,4,25,19,6
486105,1,7,0,7
486105,2,7,0,7
486123,1,53,31,22
486123,2,53,31,22
486141,1,5,0,5
486141,2,5,0,5
486150,1,129,36,93
486150,2,129,36,93
486169,1,125,98,27
486169,2,125,98,27
486196,1,186,186,0
486196,2,186,186,0
486202,1,34,4,30
486202,2,34,4,30
486239,1,461,185,276
486239,2,291,122,169
486239,4,170,63,107
486248,1,195,65,130
486248,2,195,65,130
486257,1,377,171,206
486257,2,377,171,206
486284,1,429,133,296
486284,2,375,104,271
486284,4,54,29,25
486309,1,36,9,27
486309,2,36,9,27
486327,1,25,0,25
486327,2,25,0,25
486345,1,263,254,9
486345,2,263,254,9
486354,1,98,37,61
486354,2,98,37,61
486372,1,51,35,16
486372,2,51,35,16
486381,1,145,17,128
486381,2,145,17,128
486390,1,319,192,127
486390,2,319,192,127
486406,1,33,1,32
486406,2,33,1,32
486415,1,235,22,213
486415,2,235,22,213
486424,1,196,18,178
486424,2,196,18,178
486433,1,154,52,102
486433,4,154,52,102
486442,1,124,8,116
486442,2,124,8,116
486460,1,32,8,24
486460,4,32,8,24
486488,1,63,40,23
486488,2,63,40,23
486497,1,99,80,19
486497,2,99,80,19
486503,1,115,6,109
486503,2,115,6,109
486512,1,132,70,62
486512,2,132,70,62
486521,1,10,1,9
486521,2,10,1,9
486530,1,266,8,258
486530,2,266,8,258
486558,1,426,393,33
486558,2,426,393,33
486567,1,264,16,248
486567,2,264,16,248
486576,1,354,76,278
486576,2,354,76,278
486594,1,83,43,40
486594,2,83,43,40
486619,1,106,0,106
486619,2,106,0,106
486691,1,151,11,140
486691,2,151,11,140
486707,1,294,12,282
486707,2,294,12,282
486716,1,176,5,171
486716,2,176,5,171
486734,1,250,78,172
486734,2,250,78,172
486752,1,141,6,135
486752,2,141,6,135
486770,1,127,29,98
486770,2,127,29,98
486798,1,2341,2158,183
486798,2,2341,2158,183
486813,1,990,190,800
486813,2,990,190,800
486822,1,1324,193,1131
486822,2,1324,193,1131
486840,1,41654,21246,20408
486840,2,37599,19621,17978
486840,4,4055,1625,2430
486859,1,71,5,66
486859,2,71,5,66
486868,1,29,2,27
486868,2,29,2,27
486877,1,21,2,19
486877,2,21,2,19
486886,1,29,1,28
486886,2,29,1,28
486901,1,1374,579,795
486901,2,877,377,500
486901,4,497,202,295
486938,1,493,106,387
486938,2,493,106,387
486947,1,461,62,399
486947,2,461,62,399
486956,1,960,126,834
486956,2,960,126,834
486965,1,290,120,170
486965,2,273,107,166
486965,4,17,13,4
486983,1,78,18,60
486983,2,78,18,60
487010,1,3412,1287,2125
487010,2,360,34,326
487010,4,3052,1253,1799
487047,1,361,16,345
487047,2,361,16,345
487065,1,59,5,54
487065,2,59,5,54
487083,1,57,2,55
487083,2,57,2,55
487092,1,1032,437,595
487092,2,1032,437,595
487153,1,28,6,22
487153,4,28,6,22
487162,1,6062,2046,4016
487162,2,6062,2046,4016
487232,1,75,3,72
487232,2,75,3,72
487296,1,531,239,292
487296,2,484,221,263
487296,4,47,18,29
487302,1,827,236,591
487302,2,827,236,591
487311,1,534,489,45
487311,2,534,489,45
487320,1,14746,10037,4709
487320,2,14746,10037,4709
487348,1,178,13,165
487348,2,178,13,165
487375,1,666,75,591
487375,2,666,75,591
487384,1,1112,335,777
487384,2,1112,335,777
487393,1,1304,526,778
487393,2,1304,526,778
487409,1,1051,398,653
487409,2,1051,398,653
487418,1,1219,426,793
487418,2,1219,426,793
487427,1,943,391,552
487427,2,943,391,552
487436,1,698,211,487
487436,2,698,211,487
487445,1,740,212,528
487445,2,740,212,528
487454,1,866,325,541
487454,2,866,325,541
487472,1,1542,510,1032
487472,2,1542,510,1032
487481,1,591,201,390
487481,2,591,201,390
487490,1,772,296,476
487490,2,772,296,476
487506,1,177,8,169
487506,2,177,8,169
487524,1,4223,1694,2529
487524,2,3245,1354,1891
487524,4,978,340,638
487533,1,151,3,148
487533,2,151,3,148
487588,1,656,30,626
487588,2,656,30,626
487597,1,1381,1314,67
487597,2,1381,1314,67
487603,1,1385,629,756
487603,2,1252,588,664
487603,4,133,41,92
487621,1,25,22,3
487621,2,25,22,3
487649,1,148,46,102
487649,4,148,46,102
487658,1,68,51,17
487658,2,68,51,17
487676,1,294,11,283
487676,2,294,11,283
487746,1,22,22,0
487746,2,22,22,0
487773,1,90,6,84
487773,2,90,6,84
487791,1,913,839,74
487791,2,913,839,74
487807,1,31,18,13
487807,2,31,18,13
487816,1,33,0,33
487816,2,33,0,33
487852,1,41,14,27
487852,2,41,14,27
487861,1,320,45,275
487861,2,320,45,275
487889,1,260,33,227
487889,2,260,33,227
487898,1,30,23,7
487898,2,30,23,7
487904,1,41,27,14
487904,2,41,27,14
487913,1,24,21,3
487913,2,24,21,3
487922,1,80,1,79
487922,2,80,1,79
487959,1,73,0,73
487959,2,73,0,73
487968,1,117,2,115
487968,2,117,2,115
487977,1,1885,61,1824
487977,2,1885,61,1824
487995,1,205,76,129
487995,2,66,21,45
487995,4,139,55,84
488004,1,32,32,0
488004,2,32,32,0
488013,1,157,9,148
488013,2,157,9,148
488022,1,76,54,22
488022,2,76,54,22
488031,1,327,155,172
488031,2,69,26,43
488031,4,258,129,129
488040,1,45,43,2
488040,2,45,43,2
488059,1,68,18,50
488059,2,68,18,50
488068,1,239,28,211
488068,2,207,25,182
488068,4,32,3,29
488077,1,3157,3114,43
488077,2,3157,3114,43
488086,1,62,7,55
488086,2,62,7,55
488101,1,97,97,0
488101,2,97,97,0
488110,1,83,2,81
488110,2,83,2,81
488129,1,34,2,32
488129,2,34,2,32
488138,1,178,9,169
488138,2,178,9,169
488147,1,102,5,97
488147,2,102,5,97
488174,1,40,20,20
488174,2,40,20,20
488183,1,30,3,27
488183,2,30,3,27
488192,1,121,121,0
488192,2,121,121,0
488217,1,157,4,153
488217,2,157,4,153
488226,1,26,11,15
488226,2,26,11,15
488235,1,21,0,21
488235,2,21,0,21
488253,1,142,92,50
488253,2,142,92,50
488262,1,34,21,13
488262,2,34,21,13
488271,1,120,4,116
488271,2,120,4,116
488280,1,134,91,43
488280,2,134,91,43
488299,1,50,5,45
488299,2,50,5,45
488305,1,147,79,68
488305,2,147,79,68
488314,1,89,89,0
488314,2,89,89,0
488332,1,184,15,169
488332,2,184,15,169
488350,1,93,93,0
488350,2,93,93,0
488369,1,86,68,18
488369,2,86,68,18
488378,1,40,2,38
488378,2,40,2,38
488387,1,243,54,189
488387,4,243,54,189
488396,1,89,75,14
488396,2,89,75,14
488411,1,110,2,108
488411,2,110,2,108
488420,1,199,45,154
488420,2,199,45,154
488439,1,267,224,43
488439,2,267,224,43
488448,1,140,90,50
488448,2,89,63,26
488448,4,51,27,24
488527,1,318,157,161
488527,4,318,157,161
488554,1,477,241,236
488554,4,477,241,236
488572,1,270,117,153
488572,4,270,117,153
488590,1,11,4,7
488590,2,11,4,7
488651,1,201,26,175
488651,2,201,26,175
488679,1,17577,5024,12553
488679,2,10679,3028,7651
488679,4,6898,1996,4902
488730,1,9019,3830,5189
488730,2,9019,3830,5189
488749,1,146,12,134
488749,2,146,12,134
488776,1,155,65,90
488776,2,69,27,42
488776,4,86,38,48
488785,1,220,125,95
488785,2,220,125,95
488800,1,988,300,688
488800,2,652,207,445
488800,4,336,93,243
488828,1,42,15,27
488828,2,42,15,27
488837,1,685,585,100
488837,2,685,585,100
488846,1,32233,20200,12033
488846,2,25024,15849,9175
488846,4,7209,4351,2858
488891,1,502,134,368
488891,2,502,134,368
488907,1,52,11,41
488907,4,52,11,41
488916,1,38,0,38
488916,2,38,0,38
488925,1,183,177,6
488925,2,183,177,6
488934,1,4401,2449,1952
488934,2,4401,2449,1952
488952,1,239,8,231
488952,2,239,8,231
488961,1,202,6,196
488961,2,202,6,196
488970,1,160,18,142
488970,2,160,18,142
488989,1,259,7,252
488989,2,259,7,252
488998,1,198,25,173
488998,2,198,25,173
489122,1,50,5,45
489122,2,50,5,45
489131,1,82,8,74
489131,2,82,8,74
489140,1,99,10,89
489140,2,99,10,89
489159,1,246,3,243
489159,2,246,3,243
489201,1,12261,4977,7284
489201,2,12261,4977,7284
489238,1,301,54,247
489238,2,301,54,247
489247,1,90,29,61
489247,2,90,29,61
489256,1,227,198,29
489256,2,227,198,29
489283,1,741,159,582
489283,2,741,159,582
489335,1,31,16,15
489335,4,31,16,15
489344,1,259,14,245
489344,2,259,14,245
489353,1,312,61,251
489353,2,312,61,251
489371,1,216,201,15
489371,2,216,201,15
489414,1,98,37,61
489414,2,98,37,61
489760,1,108,104,4
489760,2,108,104,4
489779,1,58201,18126,40075
489779,2,45416,14993,30423
489779,4,12785,3133,9652
489812,1,79,5,74
489812,2,79,5,74
489830,1,108,0,108
489830,2,108,0,108
489858,1,610,206,404
489858,4,610,206,404
489937,1,1077,733,344
489937,2,561,335,226
489937,4,516,398,118
490018,1,57,37,20
490018,2,57,37,20
490045,1,250,121,129
490045,2,57,20,37
490045,4,193,101,92
490054,1,862,377,485
490054,2,862,377,485
490063,1,503,278,225
490063,2,93,49,44
490063,4,410,229,181
490072,1,518,472,46
490072,2,518,472,46
490081,1,102,59,43
490081,2,41,23,18
490081,4,61,36,25
490090,1,50,36,14
490090,2,50,36,14
490106,1,400,173,227
490106,4,400,173,227
490115,1,105,87,18
490115,2,105,87,18
490124,1,19,10,9
490124,2,19,10,9
490133,1,2705,1511,1194
490133,2,708,434,274
490133,4,1997,1077,920
490142,1,23,5,18
490142,2,23,5,18
490151,1,143,10,133
490151,2,143,10,133
490160,1,106,26,80
490160,2,106,26,80
490197,1,47,9,38
490197,2,47,9,38
490203,1,260,12,248
490203,2,260,12,248
490212,1,40,8,32
490212,2,40,8,32
490221,1,30,1,29
490221,2,30,1,29
490230,1,150,77,73
490230,2,120,62,58
490230,4,30,15,15
490249,1,102,100,2
490249,2,102,100,2
490258,1,67,56,11
490258,2,67,56,11
490267,1,34,24,10
490267,2,34,24,10
490276,1,120,120,0
490276,2,120,120,0
490285,1,776,713,63
490285,2,776,713,63
490294,1,193,58,135
490294,2,193,58,135
490300,1,120,25,95
490300,2,120,25,95
490319,1,49,49,0
490319,2,49,49,0
490328,1,46,46,0
490328,2,46,46,0
490337,1,93,47,46
490337,2,93,47,46
490346,1,41,0,41
490346,2,41,0,41
490373,1,312,162,150
490373,4,312,162,150
490382,1,150,31,119
490382,2,150,31,119
490391,1,85,3,82
490391,2,85,3,82
490407,1,93,1,92
490407,2,93,1,92
490416,1,58,49,9
490416,2,58,49,9
490425,1,214,2,212
490425,2,214,2,212
490434,1,41,0,41
490434,2,41,0,41
490443,1,229,4,225
490443,2,229,4,225
490452,1,20,1,19
490452,2,20,1,19
490461,1,180,11,169
490461,2,180,11,169
490470,1,39,6,33
490470,2,39,6,33
490489,1,27,25,2
490489,2,27,25,2
490498,1,39,25,14
490498,2,39,25,14
490504,1,45,45,0
490504,2,45,45,0
490513,1,92,92,0
490513,2,92,92,0
490522,1,24,0,24
490522,2,24,0,24
490531,1,31,26,5
490531,2,31,26,5
490540,1,48,12,36
490540,2,48,12,36
490559,1,615,26,589
490559,2,615,26,589
490568,1,247,23,224
490568,2,247,23,224
490601,1,328,187,141
490601,4,328,187,141
490674,1,13,1,12
490674,2,13,1,12
490692,1,94,86,8
490692,2,94,86,8
490717,1,114,11,103
490717,2,114,11,103
490735,1,183,24,159
490735,2,183,24,159
490744,1,31,27,4
490744,2,31,27,4
490753,1,25,5,20
490753,2,2,0,2
490753,4,23,5,18
490805,1,12578,5210,7368
490805,2,11409,4748,6661
490805,4,1169,462,707
490814,1,237,16,221
490814,2,237,16,221
490832,1,353,22,331
490832,2,353,22,331
490841,1,185,15,170
490841,2,185,15,170
490869,1,352,56,296
490869,2,352,56,296
490878,1,617,154,463
490878,2,617,154,463
490896,1,258,12,246
490896,2,258,12,246
490948,1,11,10,1
490948,2,11,10,1
490975,1,439,55,384
490975,2,439,55,384
491057,1,100,100,0
491057,2,100,100,0
491066,1,64,0,64
491066,2,64,0,64
491075,1,63,62,1
491075,2,63,62,1
491084,1,328,16,312
491084,2,328,16,312
491093,1,57,20,37
491093,2,57,20,37
491136,1,138,5,133
491136,2,138,5,133
491145,1,135,7,128
491145,2,135,7,128
491181,1,400,62,338
491181,2,400,62,338
491190,1,84,16,68
491190,4,84,16,68
491224,1,102,4,98
491224,2,102,4,98
491233,1,31,2,29
491233,2,31,2,29
491242,1,95,37,58
491242,2,95,37,58
491251,1,138,69,69
491251,2,138,69,69
491260,1,59,2,57
491260,2,59,2,57
491288,1,803,261,542
491288,2,803,261,542
491297,1,66,28,38
491297,2,66,28,38
491394,1,40,31,9
491394,2,40,31,9
491446,1,122,0,122
491446,2,122,0,122
491455,1,294,263,31
491455,2,294,263,31
491464,1,163,32,131
491464,2,163,32,131
491473,1,358,255,103
491473,2,358,255,103
491482,1,78,5,73
491482,2,78,5,73
491507,1,52,6,46
491507,2,52,6,46
491525,1,76,48,28
491525,2,76,48,28
491534,1,10,4,6
491534,2,10,4,6
491543,1,141,49,92
491543,2,141,49,92
491552,1,8,0,8
491552,2,8,0,8
491570,1,41,1,40
491570,2,41,1,40
491589,1,29,23,6
491589,2,29,23,6
491598,1,29,4,25
491598,2,29,4,25
491613,1,66,66,0
491613,2,66,66,0
491622,1,79,79,0
491622,2,79,79,0
491631,1,92,0,92
491631,2,92,0,92
491640,1,162,162,0
491640,2,162,162,0
491659,1,89,36,53
491659,2,89,36,53
491668,1,194,4,190
491668,2,194,4,190
491677,1,33,21,12
491677,2,33,21,12
491686,1,41,33,8
491686,2,41,33,8
491695,1,47,6,41
491695,2,47,6,41
491701,1,73,11,62
491701,2,73,11,62
491710,1,113,113,0
491710,2,113,113,0
491729,1,63,3,60
491729,2,63,3,60
491738,1,108,10,98
491738,2,108,10,98
491747,1,49,18,31
491747,2,49,18,31
491756,1,165,126,39
491756,2,165,126,39
491765,1,77,77,0
491765,2,77,77,0
491774,1,124,9,115
491774,2,124,9,115
491783,1,78,57,21
491783,2,78,57,21
491792,1,76,1,75
491792,2,76,1,75
491808,1,146,28,118
491808,4,146,28,118
491817,1,160,0,160
491817,2,160,0,160
491826,1,56,1,55
491826,2,56,1,55
491835,1,128,5,123
491835,2,128,5,123
491844,1,181,67,114
491844,2,181,67,114
491853,1,58,1,57
491853,2,58,1,57
491871,1,28,2,26
491871,2,28,2,26
491880,1,56,51,5
491880,2,56,51,5
491899,1,149,20,129
491899,2,149,20,129
491905,1,97,5,92
491905,2,97,5,92
491914,1,130,130,0
491914,2,130,130,0
491923,1,217,2,215
491923,2,217,2,215
491932,1,42,41,1
491932,2,42,41,1
491941,1,121,3,118
491941,2,121,3,118
491950,1,941,174,767
491950,2,941,174,767
491969,1,21,1,20
491969,2,21,1,20
491978,1,50,12,38
491978,2,50,12,38
491996,1,68,4,64
491996,2,68,4,64
492005,1,47,1,46
492005,2,47,1,46
492032,1,11,0,11
492032,2,11,0,11
492069,1,97,68,29
492069,2,97,68,29
492087,1,3,2,1
492087,2,1,0,1
492087,4,2,2,0
492096,1,13,0,13
492096,2,13,0,13
492102,1,60,36,24
492102,4,60,36,24
492139,1,139,107,32
492139,2,139,107,32
492157,1,649,577,72
492157,2,649,577,72
492209,1,46,2,44
492209,4,46,2,44
492281,1,35,27,8
492281,2,35,27,8
492306,1,344,53,291
492306,2,344,53,291
492315,1,140,47,93
492315,2,140,47,93
492324,1,407,62,345
492324,2,407,62,345
492360,1,51,19,32
492360,2,51,19,32
492379,1,31,30,1
492379,2,31,30,1
492397,1,73,3,70
492397,2,73,3,70
492421,1,23,21,2
492421,2,23,21,2
492449,1,586,99,487
492449,2,586,99,487
492476,1,185,59,126
492476,2,185,59,126
492573,1,13,6,7
492573,2,13,6,7
492591,1,36,30,6
492591,2,36,30,6
492607,1,35,10,25
492607,4,35,10,25
492643,1,162,46,116
492643,2,162,46,116
492652,1,21,12,9
492652,2,21,12,9
492661,1,240,57,183
492661,2,240,57,183
492689,1,941,343,598
492689,2,465,85,380
492689,4,476,258,218
492704,1,61,13,48
492704,4,61,13,48
492722,1,341,28,313
492722,2,341,28,313
492731,1,117,15,102
492731,2,117,15,102
492759,1,140,12,128
492759,2,140,12,128
492801,1,2479,924,1555
492801,2,2479,924,1555
492935,1,32,5,27
492935,2,32,5,27
492953,1,91,5,86
492953,2,91,5,86
492962,1,5947,2103,3844
492962,2,5947,2103,3844
493071,1,121,11,110
493071,2,121,11,110
493080,1,345,194,151
493080,2,345,194,151
493132,1,466,455,11
493132,2,466,455,11
493150,1,120,11,109
493150,2,120,11,109
493363,1,59,45,14
493363,4,59,45,14
493372,1,40,6,34
493372,2,40,6,34
493424,1,121,4,117
493424,2,121,4,117
493451,1,137,22,115
493451,2,137,22,115
493479,1,16,5,11
493479,2,16,5,11
493488,1,18,2,16
493488,2,18,2,16
493497,1,14,1,13
493497,2,14,1,13
493503,1,40,24,16
493503,2,40,24,16
493512,1,70,24,46
493512,2,67,22,45
493512,4,3,2,1
493521,1,17,5,12
493521,2,17,5,12
493530,1,86,32,54
493530,2,86,32,54
493549,1,69,67,2
493549,2,69,67,2
493558,1,21,20,1
493558,2,21,20,1
493567,1,93,1,92
493567,2,93,1,92
493576,1,5,0,5
493576,2,5,0,5
493585,1,44,3,41
493585,2,44,3,41
493594,1,60,60,0
493594,2,60,60,0
493600,1,176,176,0
493600,2,176,176,0
493619,1,174,84,90
493619,2,174,84,90
493628,1,83,5,78
493628,2,83,5,78
493637,1,54,4,50
493637,2,54,4,50
493646,1,180,0,180
493646,2,180,0,180
493655,1,34,25,9
493655,2,34,25,9
493664,1,75,75,0
493664,2,75,75,0
493673,1,41,17,24
493673,4,41,17,24
493682,1,90,4,86
493682,2,90,4,86
493691,1,14,0,14
493691,2,14,0,14
493707,1,73,73,0
493707,2,73,73,0
493716,1,76,76,0
493716,2,76,76,0
493725,1,981,333,648
493725,2,981,333,648
493734,1,31,25,6
493734,2,31,25,6
493743,1,211,131,80
493743,2,211,131,80
493752,1,45,3,42
493752,2,45,3,42
493761,1,109,49,60
493761,2,109,49,60
493770,1,17,0,17
493770,2,17,0,17
493789,1,21,1,20
493789,2,21,1,20
493798,1,129,0,129
493798,2,129,0,129
493804,1,64,58,6
493804,2,64,58,6
493813,1,62,3,59
493813,2,62,3,59
493822,1,118,62,56
493822,2,118,62,56
493831,1,17,11,6
493831,2,17,11,6
493895,1,693,624,69
493895,4,693,624,69
493947,1,162,105,57
493947,4,162,105,57
493992,1,71,2,69
493992,2,71,2,69
494001,1,57,4,53
494001,2,57,4,53
494010,1,8,3,5
494010,4,8,3,5
494029,1,8,7,1
494029,2,8,7,1
494162,1,154,15,139
494162,2,154,15,139
494171,1,792,82,710
494171,2,792,82,710
494232,1,82,7,75
494232,2,82,7,75
494250,1,13,0,13
494250,2,13,0,13
494269,1,14,10,4
494269,2,14,10,4
494357,1,433,150,283
494357,2,433,150,283
494436,1,359,147,212
494436,2,359,147,212
494454,1,303,25,278
494454,2,303,25,278
494463,1,200,0,200
494463,2,200,0,200
494524,1,78,3,75
494524,2,78,3,75
494551,1,89,12,77
494551,4,89,12,77
494579,1,84,54,30
494579,2,55,34,21
494579,4,29,20,9
494588,1,19,1,18
494588,2,19,1,18
494597,1,137,69,68
494597,2,114,54,60
494597,4,23,15,8
494603,1,3823,2919,904
494603,2,616,413,203
494603,4,3207,2506,701
494621,1,86,14,72
494621,2,86,14,72
494630,1,83,31,52
494630,2,83,31,52
494649,1,8,0,8
494649,2,8,0,8
494658,1,76,6,70
494658,2,76,6,70
494685,1,257,108,149
494685,2,257,108,149
494694,1,26,1,25
494694,2,26,1,25
494719,1,19,17,2
494719,2,19,17,2
494728,1,32,21,11
494728,2,32,21,11
494737,1,112,112,0
494737,2,112,112,0
494834,1,129,47,82
494834,2,129,47,82
494843,1,918,74,844
494843,2,918,74,844
494852,1,937,241,696
494852,2,937,241,696
494898,1,21,19,2
494898,2,21,19,2
494904,1,290,28,262
494904,2,290,28,262
