,UNITID,Grand Total,Grand Total Men ,Grand Total Women 
1,100654,810,298,512
2,100663,5449,2028,3421
3,100690,172,63,109
4,100706,1934,992,942
5,100724,663,227,436
6,100751,8928,3685,5243
7,100760,232,93,139
8,100812,741,254,487
9,100830,870,270,600
10,100858,7149,3373,3776
11,100937,340,160,180
12,101028,383,152,231
13,101116,123,29,94
14,101143,316,179,137
15,101161,1102,415,687
16,101189,791,292,499
17,101240,980,389,591
18,101277,50,2,48
19,101286,1120,364,756
20,101295,1612,638,974
21,101301,349,145,204
22,101365,233,70,163
23,101435,254,104,150
24,101453,10,9,1
25,101462,136,53,83
26,101471,476,345,131
27,101480,1713,636,1077
28,101505,978,329,649
29,101514,1662,873,789
30,101541,58,3,55
31,101569,600,303,297
32,101587,1364,345,1019
33,101602,498,217,281
34,101648,124,97,27
35,101675,230,101,129
36,101693,341,106,235
37,101709,581,156,425
38,101736,682,332,350
39,101879,1583,625,958
40,101897,1034,434,600
41,101912,328,129,199
42,101994,100,36,64
43,102030,739,384,355
44,102049,1509,504,1005
45,102058,19,9,10
46,102067,679,276,403
47,102076,467,162,305
48,102094,3504,1118,2386
49,102234,307,125,182
50,102270,93,30,63
51,102298,101,46,55
52,102313,340,185,155
53,102368,3821,1353,2468
54,102377,545,193,352
55,102395,69,44,25
56,102429,988,482,506
57,102553,2250,912,1338
58,102580,6,2,4
59,102614,1325,554,771
60,102632,511,187,324
61,102669,117,47,70
62,102711,162,124,38
63,102845,1821,387,1434
64,103501,265,32,233
65,103741,46,8,38
66,103893,1020,143,877
67,103945,22,2,20
68,103954,37,3,34
69,103963,417,389,28
70,104090,460,72,388
71,104151,12869,7234,5635
72,104160,1358,814,544
73,104179,10522,4911,5611
74,104188,19,7,12
75,104346,987,528,459
76,104391,17,2,15
77,104425,1823,1085,738
78,104434,27,0,27
79,104443,30,1,29
80,104568,225,6,219
81,104577,1344,853,491
82,104586,474,349,125
83,104665,7,6,1
84,104708,2432,1109,1323
85,104717,23798,5790,18008
86,105145,1147,419,728
87,105154,2410,1158,1252
88,105206,516,193,323
89,105215,533,508,25
90,105297,172,39,133
91,105330,7539,2685,4854
92,105349,557,283,274
93,105367,237,65,172
94,105428,1361,451,910
95,105525,3856,1856,2000
96,105534,1347,263,1084
97,105543,467,85,382
98,105589,215,52,163
99,105659,674,640,34
100,105668,3472,1804,1668
101,105677,34,34,0
102,105747,942,395,547
103,105792,413,170,243
104,105899,139,85,54
105,106041,1070,1023,47
106,106111,43,4,39
107,106148,1264,514,750
108,106245,2376,867,1509
109,106263,891,250,641
110,106306,40,17,23
111,106315,66,1,65
112,106324,15,0,15
113,106342,124,67,57
114,106351,35,25,10
115,106360,15,0,15
116,106397,6324,2928,3396
117,106412,462,167,295
118,106449,931,398,533
119,106458,4892,1642,3250
120,106467,3017,1165,1852
121,106485,1189,479,710
122,106494,19,2,17
123,106546,417,50,367
124,106625,536,227,309
125,106704,2458,890,1568
126,106713,133,63,70
127,106795,500,230,270
128,106810,24,7,17
129,106883,350,184,166
130,106892,219,6,213
131,106908,223,14,209
132,106980,498,194,304
133,106999,463,146,317
134,107044,1208,502,706
135,107071,733,254,479
136,107080,315,146,169
137,107099,15,1,14
138,107123,37,6,31
139,107141,644,248,396
140,107220,149,7,142
141,107293,34,0,34
142,107318,395,134,261
143,107327,372,129,243
144,107442,21,18,3
145,107460,550,233,317
146,107488,150,102,48
147,107512,337,160,177
148,107521,480,143,337
149,107549,641,154,487
150,107558,147,71,76
151,107585,689,282,407
152,107600,81,30,51
153,107619,386,145,241
154,107637,267,64,203
155,107655,18,1,17
156,107664,991,352,639
157,107725,510,182,328
158,107743,251,66,185
159,107789,65,0,65
160,107831,26,3,23
161,107840,36,7,29
162,107877,77,39,38
163,107974,573,213,360
164,107983,1153,504,649
165,107992,712,526,186
166,108065,5,1,4
167,108092,1306,577,729
168,108232,2371,872,1499
169,108269,12,1,11
170,108348,37,20,17
171,108649,81,4,77
172,108667,426,182,244
173,108807,1678,673,1005
174,108852,151,63,88
175,108861,11,4,7
176,108870,123,66,57
177,108977,64,31,33
178,109040,803,162,641
179,109086,66,20,46
180,109208,3757,1820,1937
181,109350,1693,667,1026
182,109651,506,240,266
183,109721,259,102,157
184,109730,102,84,18
185,109785,3220,955,2265
186,109819,2781,1120,1661
187,109907,466,156,310
188,109934,108,39,69
189,110060,80,40,40
190,110097,1399,586,813
191,110194,15,15,0
192,110219,511,227,284
193,110246,2167,1076,1091
194,110316,369,79,290
195,110334,1291,470,821
196,110361,2735,875,1860
197,110370,483,185,298
198,110398,346,123,223
199,110404,578,374,204
200,110413,1335,545,790
201,110422,5553,2780,2773
202,110468,1422,445,977
203,110486,2548,889,1659
204,110495,2599,818,1781
205,110510,5005,1896,3109
206,110529,5185,2720,2465
207,110538,4459,1943,2516
208,110547,3933,1301,2632
209,110556,5877,2348,3529
210,110565,11606,4828,6778
211,110574,4304,1522,2782
212,110583,10436,4226,6210
213,110592,7014,2712,4302
214,110608,10682,4374,6308
215,110617,8144,3294,4850
216,110635,13082,6640,6442
217,110644,9985,4037,5948
218,110653,9907,4608,5299
219,110662,13471,6152,7319
220,110671,5525,2663,2862
221,110680,10256,5459,4797
222,110699,902,338,564
223,110705,6755,3146,3609
224,110714,4925,2431,2494
225,110778,366,183,183
226,110875,49,0,49
227,110918,1,0,1
228,111045,14,7,7
229,111054,117,37,80
230,111081,416,181,235
231,111188,272,229,43
232,111391,311,143,168
233,111434,512,159,353
234,111461,2389,1043,1346
235,111513,146,1,145
236,111638,60,29,31
237,111708,102,85,17
238,111717,198,119,79
239,111726,232,175,57
240,111744,106,99,7
241,111762,64,28,36
242,111799,125,21,104
243,111887,2721,1065,1656
244,111896,417,149,268
245,111920,1314,467,847
246,111939,2813,1170,1643
247,111948,2474,969,1505
248,111966,303,79,224
249,112075,1836,718,1118
250,112084,209,106,103
251,112127,31,13,18
252,112172,1948,756,1192
253,112181,75,2,73
254,112190,2854,1178,1676
255,112251,516,223,293
256,112260,330,172,158
257,112288,212,15,197
258,112367,345,43,302
259,112385,1685,1154,531
260,112394,115,85,30
261,112455,54,8,46
262,112525,1103,422,681
263,112561,306,143,163
264,112570,95,52,43
265,112686,612,198,414
266,112826,700,244,456
267,113096,1027,383,644
268,113111,820,400,420
269,113193,2707,1273,1434
270,113218,797,322,475
271,113236,1920,848,1072
272,113333,2248,1094,1154
273,113449,111,23,88
274,113537,18,6,12
275,113573,1195,477,718
276,113582,32,1,31
277,113634,2403,1022,1381
278,113698,463,131,332
279,113704,13,13,0
280,113856,3985,1852,2133
281,113980,2949,1334,1615
282,114044,178,8,170
283,114114,43,9,34
284,114123,194,43,151
285,114266,812,291,521
286,114354,1121,133,988
287,114390,115,12,103
288,114433,214,114,100
289,114460,262,33,229
290,114549,282,71,211
291,114585,64,15,49
292,114637,116,7,109
293,114716,1237,477,760
294,114734,10,5,5
295,114761,51,3,48
296,114789,2456,918,1538
297,114813,1334,342,992
298,114840,580,352,228
299,114859,2223,910,1313
300,114938,802,348,454
301,114947,255,130,125
302,115001,1255,461,794
303,115010,275,65,210
304,115083,850,428,422
305,115126,4024,1757,2267
306,115214,34,23,11
307,115296,1761,700,1061
308,115357,63,16,47
309,115393,1104,434,670
310,115409,211,115,96
311,115658,52,2,50
312,115728,245,69,176
313,115746,223,49,174
314,115755,2218,937,1281
315,115773,182,65,117
316,115861,1356,519,837
317,115931,450,289,161
318,116226,79,5,74
319,116350,128,12,116
320,116439,2095,924,1171
321,116563,132,4,128
322,116712,238,70,168
323,116846,45,19,26
324,117052,1480,685,795
325,117104,145,71,74
326,117140,2415,908,1507
327,117168,135,50,85
328,117195,205,86,119
329,117238,94,15,79
330,117247,737,347,390
331,117274,183,102,81
332,117520,184,105,79
333,117548,46,24,22
334,117557,123,74,49
335,117575,51,31,20
336,117627,518,208,310
337,117636,1501,512,989
338,117645,2668,1090,1578
339,117672,213,84,129
340,117690,909,368,541
341,117706,1749,678,1071
342,117715,534,136,398
343,117724,1194,641,553
344,117733,1444,549,895
345,117751,366,223,143
346,117788,1603,696,907
347,117803,110,19,91
348,117867,969,301,668
349,117894,1329,559,770
350,117946,2689,1066,1623
351,117955,247,39,208
352,118134,61,2,59
353,118143,35,3,32
354,118161,107,5,102
355,118198,371,97,274
356,118347,386,150,236
357,118541,281,139,142
358,118684,317,100,217
359,118693,165,89,76
360,118718,1735,696,1039
361,118772,800,170,630
362,118888,404,54,350
363,118912,2028,737,1291
364,118930,734,318,416
365,118958,25,8,17
366,118976,2150,712,1438
367,118994,111,75,36
368,119058,356,118,238
369,119067,764,372,392
370,119137,2261,940,1321
371,119164,4048,1880,2168
372,119173,917,96,821
373,119216,1716,619,1097
374,119270,410,298,112
375,119331,712,301,411
376,119553,792,271,521
377,119605,5430,1931,3499
378,119678,2165,1788,377
379,119775,163,115,48
380,119845,88,10,78
381,119951,81,8,73
382,120069,159,20,139
383,120078,356,60,296
384,120087,147,10,137
385,120166,44,26,18
386,120184,364,108,256
387,120254,474,195,279
388,120290,949,393,556
389,120342,2827,1376,1451
390,120403,243,82,161
391,120421,1183,580,603
392,120537,368,142,226
393,120661,411,73,338
394,120698,376,87,289
395,120768,385,42,343
396,120795,21,11,10
397,120838,25,10,15
398,120865,305,108,197
399,120883,1686,688,998
400,120953,374,277,97
401,120971,2646,1343,1303
402,121044,3513,1483,2030
403,121150,2579,1021,1558
404,121257,264,113,151
405,121275,104,68,36
406,121309,1217,402,815
407,121345,392,193,199
408,121363,759,312,447
409,121433,43,0,43
410,121619,3325,1556,1769
411,121628,36,18,18
412,121637,62,5,57
413,121691,1629,672,957
414,121707,601,232,369
415,121859,159,19,140
416,121868,110,2,108
417,121886,1631,710,921
418,121901,3169,1180,1989
419,121992,347,23,324
420,122117,20,7,13
421,122180,1710,685,1025
422,122205,3629,1454,2175
423,122296,933,217,716
424,122339,1380,578,802
425,122375,1726,728,998
426,122384,1579,835,744
427,122409,9622,4083,5539
428,122436,2811,1200,1611
429,122454,107,41,66
430,122506,147,70,77
431,122597,7374,3100,4274
432,122603,28,16,12
433,122612,3313,1200,2113
434,122649,34,16,18
435,122658,2252,857,1395
436,122685,3675,1141,2534
437,122728,411,166,245
438,122746,872,320,552
439,122755,9634,4553,5081
440,122791,1163,530,633
441,122834,180,48,132
442,122852,73,21,52
443,122889,1840,721,1119
444,122931,2542,1228,1314
445,122977,5699,2429,3270
446,123013,3764,1809,1955
447,123095,121,33,88
448,123165,262,10,252
449,123217,2197,906,1291
450,123280,13,7,6
451,123299,1026,407,619
452,123341,2430,965,1465
453,123350,57,8,49
454,123448,60,22,38
455,123457,259,75,184
456,123484,320,153,167
457,123493,169,55,114
458,123509,1045,444,601
459,123527,1403,680,723
460,123554,1139,390,749
461,123563,1225,470,755
462,123572,2590,925,1665
463,123633,122,63,59
464,123642,25,2,23
465,123651,545,188,357
466,123679,328,76,252
467,123800,2110,864,1246
468,123855,13,13,0
469,123916,20,10,10
470,123943,143,46,97
471,123952,178,97,81
472,123961,16228,7320,8908
473,123970,211,99,112
474,124113,471,164,307
475,124283,103,62,41
476,124292,83,42,41
477,124487,35,17,18
478,124681,480,125,355
479,124706,455,65,390
480,124937,362,113,249
481,125028,2096,812,1284
482,125037,34,17,17
483,125091,1447,610,837
484,125170,386,166,220
485,125231,13264,2496,10768
486,125310,31,3,28
487,125462,510,168,342
488,125471,982,398,584
489,125499,720,294,426
490,125532,2044,231,1813
491,125718,24,21,3
492,125727,290,119,171
493,125763,433,158,275
494,125897,305,141,164
495,126012,195,45,150
496,126049,145,63,82
497,126076,22,22,0
498,126119,871,337,534
499,126164,36,2,34
500,126182,894,365,529
501,126207,1551,742,809
502,126289,1470,559,911
503,126359,88,3,85
504,126562,5313,2092,3221
505,126580,2421,1059,1362
506,126605,173,168,5
507,126614,8157,4383,3774
508,126669,1173,359,814
509,126678,583,241,342
510,126687,557,78,479
511,126711,1317,613,704
512,126748,222,73,149
513,126775,1570,1089,481
514,126784,84,82,2
515,126818,7436,3545,3891
516,126827,5794,2447,3347
517,126863,811,297,514
518,126872,40,4,36
519,126915,131,38,93
520,126942,1238,394,844
521,126951,609,572,37
522,126979,209,115,94
523,127060,4015,1606,2409
524,127158,716,331,385
525,127185,655,316,339
526,127200,4118,1848,2270
527,127273,63,28,35
528,127316,204,16,188
529,127389,232,89,143
530,127556,1852,827,1025
531,127565,3419,1386,2033
532,127617,263,89,174
533,127653,269,82,187
534,127714,79,48,31
535,127732,394,200,194
536,127741,2935,867,2068
537,127778,360,167,193
538,127820,2993,1247,1746
539,127884,2336,1272,1064
540,127909,2147,1065,1082
541,127918,2577,870,1707
542,127945,184,56,128
543,127954,49,4,45
544,128106,803,376,427
545,128151,620,294,326
546,128179,311,237,74
547,128188,679,190,489
548,128258,567,234,333
549,128328,1003,742,261
550,128337,37,3,34
551,128391,499,260,239
552,128498,490,146,344
553,128577,389,251,138
554,128674,100,12,88
555,128744,1418,533,885
556,128771,2816,1282,1534
557,128780,623,202,421
558,128896,25,9,16
559,128902,403,145,258
560,129002,157,102,55
561,129020,8446,3858,4588
562,129154,889,213,676
563,129181,435,392,43
564,129215,1117,450,667
565,129242,1388,510,878
566,129349,128,4,124
567,129367,416,109,307
568,129428,24,22,2
569,129482,193,14,179
570,129491,46,22,24
571,129525,1919,844,1075
572,129534,118,82,36
573,129543,569,209,360
574,129695,793,359,434
575,129729,880,413,467
576,129756,385,150,235
577,129774,125,65,60
578,129808,538,214,324
579,129923,255,103,152
580,129932,777,725,52
581,129941,1851,906,945
582,130004,669,245,424
583,130040,186,47,139
584,130110,16,7,9
585,130174,1429,856,573
586,130183,1560,709,851
587,130217,251,118,133
588,130226,3063,1083,1980
589,130253,2660,827,1833
590,130314,860,110,750
591,130396,766,288,478
592,130493,2186,675,1511
593,130509,225,17,208
594,130590,537,284,253
595,130606,520,213,307
596,130624,241,161,80
597,130697,841,356,485
598,130776,1145,459,686
599,130794,4456,2181,2275
600,130837,21,1,20
601,130873,284,18,266
602,130907,1815,652,1163
603,130934,761,257,504
604,130943,5937,2492,3445
605,130989,548,249,299
606,131061,64,6,58
607,131098,249,97,152
608,131113,3931,1355,2576
609,131159,4129,1518,2611
610,131283,1663,725,938
611,131399,716,317,399
612,131405,33,28,5
613,131450,366,131,235
614,131469,9765,3933,5832
615,131496,6802,3137,3665
616,131520,2111,699,1412
617,131803,233,93,140
618,131830,24,12,12
619,131876,449,30,419
620,131973,151,78,73
621,132374,648,350,298
622,132408,79,40,39
623,132471,1944,617,1327
624,132602,528,188,340
625,132657,853,397,456
626,132675,91,42,49
627,132693,4038,1642,2396
628,132709,9718,4003,5715
629,132842,208,38,170
630,132851,2030,766,1264
631,132879,33,18,15
632,132903,16952,7090,9862
633,132976,267,135,132
634,133021,594,248,346
635,133155,428,166,262
636,133386,3575,1363,2212
637,133465,287,52,235
638,133492,416,151,265
639,133508,2938,1057,1881
640,133526,111,47,64
641,133553,1339,1036,303
642,133650,2096,702,1394
643,133669,7754,3125,4629
644,133702,6843,2781,4062
645,133711,760,257,503
646,133809,126,52,74
647,133845,349,39,310
648,133854,333,54,279
649,133863,321,29,292
650,133872,484,99,385
651,133881,1935,1210,725
652,133942,41,3,38
653,133951,14750,5759,8991
654,133960,285,144,141
655,133979,224,73,151
656,133997,270,98,172
657,134024,83,22,61
658,134079,773,227,546
659,134097,11294,4825,6469
660,134112,1576,521,1055
661,134130,15095,6537,8558
662,134228,16,8,8
663,134237,5740,3971,1769
664,134291,319,237,82
665,134307,167,158,9
666,134343,1094,414,680
667,134495,5349,2471,2878
668,134510,36,15,21
669,134529,199,23,176
670,134574,52,16,36
671,134608,4356,1629,2727
672,134714,65,11,54
673,134811,336,98,238
674,134945,1255,373,882
675,135081,5561,1624,3937
676,135142,239,4,235
677,135160,969,392,577
678,135179,623,294,329
679,135188,958,347,611
680,135267,711,479,232
681,135276,252,141,111
682,135294,334,131,203
683,135337,58,1,57
684,135364,233,185,48
685,135391,1823,641,1182
686,135407,693,358,335
687,135522,282,116,166
688,135559,39,6,33
689,135610,44,14,30
690,135647,199,147,52
691,135717,15315,6489,8826
692,135726,5037,2345,2692
693,135735,564,393,171
694,136109,103,6,97
695,136145,415,149,266
696,136172,4351,1717,2634
697,136215,6013,1739,4274
698,136233,1272,484,788
699,136303,269,44,225
700,136330,807,252,555
701,136358,7015,2730,4285
702,136400,2389,954,1435
703,136473,2236,807,1429
704,136491,403,179,224
705,136516,2506,902,1604
706,136659,104,70,34
707,136701,43,40,3
708,136765,321,122,199
709,136774,298,96,202
710,136826,220,118,102
711,136950,893,360,533
712,137023,348,173,175
713,137032,4040,1670,2370
714,137078,5951,2386,3565
715,137087,604,293,311
716,137096,3565,1663,1902
717,137120,498,279,219
718,137209,5455,2473,2982
719,137245,1001,428,573
720,137272,17,17,0
721,137281,1130,392,738
722,137315,810,327,483
723,137351,12632,5260,7372
724,137476,658,277,381
725,137546,1137,466,671
726,137564,1428,545,883
727,137591,249,40,209
728,137713,66,11,55
729,137759,3072,1446,1626
730,137777,5,5,0
731,137801,175,112,63
732,137847,2160,911,1249
733,137856,151,76,75
734,137865,167,74,93
735,137953,70,37,33
736,137962,27,16,11
737,138187,11782,5230,6552
738,138275,323,153,170
739,138284,261,115,146
740,138293,151,86,65
741,138309,3951,591,3360
742,138354,4134,1497,2637
743,138372,290,89,201
744,138479,672,387,285
745,138488,213,62,151
746,138497,277,168,109
747,138558,736,300,436
748,138600,208,0,208
749,138655,183,131,52
750,138664,15,4,11
751,138682,1339,572,767
752,138716,1121,270,851
753,138761,80,28,52
754,138813,357,174,183
755,138822,275,15,260
756,138840,1814,709,1105
757,138868,219,101,118
758,138901,281,90,191
759,138929,122,44,78
760,138938,202,50,152
761,138947,691,196,495
762,138956,1500,787,713
763,139144,545,196,349
764,139153,54,21,33
765,139199,722,92,630
766,139205,58,19,39
767,139214,16,2,14
768,139250,564,161,403
769,139278,2135,1003,1132
770,139311,1181,326,855
771,139348,64,31,33
772,139357,933,416,517
773,139366,1757,708,1049
774,139384,1806,791,1015
775,139393,234,109,125
776,139463,811,278,533
777,139506,70,23,47
778,139579,444,108,336
779,139621,315,105,210
780,139630,147,71,76
781,139658,4370,1698,2672
782,139700,812,255,557
783,139719,438,148,290
784,139746,45,9,36
785,139755,7481,5170,2311
786,139764,725,160,565
787,139861,1734,591,1143
788,139931,5616,2231,3385
789,139940,7556,2882,4674
790,139959,9839,4105,5734
791,139968,548,154,394
792,139986,2414,802,1612
793,139995,45,16,29
794,140003,93,9,84
795,140012,2133,1031,1102
796,140146,70,41,29
797,140234,222,89,133
798,140243,1414,676,738
799,140252,591,273,318
800,140331,3962,1857,2105
801,140340,225,61,164
802,140447,2508,919,1589
803,140553,392,392,0
804,140562,119,48,71
805,140678,738,363,375
806,140696,217,82,135
807,140720,29,12,17
808,140818,958,199,759
809,140827,17,6,11
810,140872,330,165,165
811,140942,1882,885,997
812,140951,3120,999,2121
813,140960,716,252,464
814,140988,408,131,277
815,141006,1250,699,551
816,141015,83,32,51
817,141060,465,0,465
818,141167,456,121,335
819,141185,182,70,112
820,141237,123,50,73
821,141255,1751,718,1033
822,141264,2400,720,1680
823,141325,194,3,191
824,141334,2675,753,1922
825,141361,194,86,108
826,141486,590,189,401
827,141565,741,233,508
828,141574,4233,1744,2489
829,141608,52,36,16
830,141644,862,345,517
831,141680,730,519,211
832,141796,1063,417,646
833,141802,206,69,137
834,141811,975,437,538
835,141839,529,186,343
836,141981,605,211,394
837,141990,303,87,216
838,142054,266,31,235
839,142090,37,20,17
840,142115,4455,1792,2663
841,142179,245,100,145
842,142276,2396,1075,1321
843,142285,2336,1194,1142
844,142294,186,79,107
845,142328,874,282,592
846,142407,47,2,45
847,142416,11,1,10
848,142443,872,359,513
849,142461,575,206,369
850,142489,17,1,16
851,142522,6961,2808,4153
852,142559,1010,349,661
853,142832,464,89,375
854,142887,52,24,28
855,142957,3,3,0
856,143048,952,260,692
857,143084,583,232,351
858,143118,1955,501,1454
859,143181,51,1,50
860,143215,2006,987,1019
861,143233,16,11,5
862,143279,663,230,433
863,143288,113,49,64
864,143297,98,10,88
865,143303,10,0,10
866,143358,1235,561,674
867,143376,116,7,109
868,143464,24,0,24
869,143473,25,1,24
870,143482,14,0,14
871,143491,33,0,33
872,143543,39,1,38
873,143552,32,1,31
874,143613,445,162,283
875,143659,66,44,22
876,143695,2,0,2
877,143853,910,349,561
878,143978,362,60,302
879,144005,604,222,382
880,144014,41,15,26
881,144050,5254,2914,2340
882,144157,658,281,377
883,144166,1599,375,1224
884,144175,699,425,274
885,144184,631,250,381
886,144193,1132,795,337
887,144209,1279,481,798
888,144218,1141,519,622
889,144281,1677,677,1000
890,144351,1851,575,1276
891,144485,296,215,81
892,144564,509,178,331
893,144573,19,2,17
894,144740,6423,2979,3444
895,144795,95,13,82
896,144865,3750,1617,2133
897,144883,86,40,46
898,144892,1862,722,1140
899,144944,1954,1062,892
900,144962,1036,360,676
901,144971,131,61,70
902,145099,164,5,159
903,145239,264,34,230
904,145275,61,27,34
905,145309,18,10,8
906,145336,1331,432,899
907,145354,11,0,11
908,145372,328,143,185
909,145406,235,2,233
910,145424,21,0,21
911,145433,30,0,30
912,145497,35,9,26
913,145521,477,158,319
914,145558,638,265,373
915,145600,7839,3573,4266
916,145619,1738,621,1117
917,145628,164,37,127
918,145637,12979,6808,6171
919,145646,389,175,214
920,145682,1392,611,781
921,145691,200,90,110
922,145707,377,116,261
923,145725,2248,1409,839
924,145813,5252,2154,3098
925,145831,702,262,440
926,145886,8,1,7
927,146205,851,250,601
928,146241,258,115,143
929,146278,441,181,260
930,146296,1893,738,1155
931,146339,353,131,222
932,146348,425,156,269
933,146366,714,211,503
934,146418,699,260,439
935,146427,317,133,184
936,146454,19,1,18
937,146472,2554,1133,1421
938,146481,366,161,205
939,146490,107,60,47
940,146506,2836,2221,615
941,146533,93,17,76
942,146603,1010,439,571
943,146612,1756,751,1005
944,146667,174,91,83
945,146676,138,51,87
946,146685,1306,574,732
947,146700,358,206,152
948,146719,4489,1520,2969
949,146728,46,27,19
950,146755,87,13,74
951,146807,19,3,16
952,146816,60,18,42
953,146825,108,45,63
954,146977,49,33,16
955,147004,1243,522,721
956,147013,667,271,396
957,147031,26,4,22
958,147129,176,23,153
959,147244,458,177,281
960,147341,196,90,106
961,147369,789,441,348
962,147378,2050,916,1134
963,147396,58,53,5
964,147411,622,216,406
965,147439,22,0,22
966,147536,1800,404,1396
967,147590,199,78,121
968,147642,19,0,19
969,147660,793,350,443
970,147679,730,243,487
971,147697,26,14,12
972,147703,4918,2454,2464
973,147767,7561,3866,3695
974,147776,1929,765,1164
975,147800,1256,573,683
976,147819,25,0,25
977,147828,1763,492,1271
978,147916,1234,485,749
979,148007,804,275,529
980,148016,97,55,42
981,148098,22,0,22
982,148131,243,86,157
983,148256,687,295,392
984,148292,667,256,411
985,148335,794,434,360
986,148380,1360,593,767
987,148405,324,122,202
988,148487,1344,444,900
989,148496,809,208,601
990,148511,859,220,639
991,148575,233,29,204
992,148584,1021,231,790
993,148593,53,8,45
994,148627,963,309,654
995,148654,1303,655,648
996,148672,546,229,317
997,148821,360,114,246
998,148876,168,39,129
999,148885,67,63,4
1000,148937,201,88,113
1001,148955,5,1,4
1002,148982,21,8,13
1003,148991,366,153,213
1004,149028,113,14,99
1005,149204,21,0,21
1006,149222,4099,2219,1880
1007,149231,3371,1438,1933
1008,149310,39,24,15
1009,149329,2,2,0
1010,149365,541,166,375
1011,149499,8,0,8
1012,149505,301,71,230
1013,149514,345,228,117
1014,149532,1265,538,727
1015,149550,99,11,88
1016,149639,74,42,32
1017,149727,1678,724,954
1018,149763,452,79,373
1019,149772,2416,1145,1271
1020,149781,786,341,445
1021,149842,3411,1370,2041
1022,150048,115,26,89
1023,150066,444,182,262
1024,150136,5753,1830,3923
1025,150145,412,135,277
1026,150163,1211,455,756
1027,150172,238,147,91
1028,150215,30,13,17
1029,150251,7,0,7
1030,150288,76,66,10
1031,150303,145,4,141
1032,150400,505,236,269
1033,150428,29,0,29
1034,150455,216,89,127
1035,150534,536,226,310
1036,150604,216,101,115
1037,150668,258,75,183
1038,150677,493,202,291
1039,150756,220,95,125
1040,150765,29,0,29
1041,150774,164,100,64
1042,150853,97,1,96
1043,150941,286,115,171
1044,150987,19757,8006,11751
1045,151102,1624,682,942
1046,151111,7335,3002,4333
1047,151263,1535,481,1054
1048,151290,508,312,196
1049,151306,2129,729,1400
1050,151324,2644,1122,1522
1051,151333,619,182,437
1052,151342,942,342,600
1053,151351,11070,5696,5374
1054,151360,751,233,518
1055,151379,975,388,587
1056,151388,822,253,569
1057,151458,81,11,70
1058,151467,166,28,138
1059,151564,13,0,13
1060,151607,54,1,53
1061,151652,130,1,129
1062,151661,403,385,18
1063,151777,360,158,202
1064,151786,910,296,614
1065,151801,744,230,514
1066,151810,47,11,36
1067,151865,20,13,7
1068,151962,45,20,25
1069,152044,22,9,13
1070,152080,3587,1958,1629
1071,152099,262,131,131
1072,152150,21,0,21
1073,152275,77,16,61
1074,152309,48,21,27
1075,152318,520,376,144
1076,152336,630,156,474
1077,152381,224,18,206
1078,152390,376,4,372
1079,152451,52,44,8
1080,152497,43,1,42
1081,152530,477,209,268
1082,152567,422,293,129
1083,152600,1111,480,631
1084,152628,9,1,8
1085,152637,2184,1165,1019
1086,152673,198,198,0
1087,152798,272,29,243
1088,152992,286,106,180
1089,153001,594,158,436
1090,153074,102,3,99
1091,153083,102,3,99
1092,153108,248,115,133
1093,153126,248,79,169
1094,153144,277,120,157
1095,153162,196,105,91
1096,153214,3139,1470,1669
1097,153241,14,10,4
1098,153250,347,174,173
1099,153269,1302,487,815
1100,153278,480,242,238
1101,153296,167,74,93
1102,153302,118,46,72
1103,153311,1092,463,629
1104,153320,81,41,40
1105,153339,12,0,12
1106,153366,624,141,483
1107,153375,453,209,244
1108,153384,403,183,220
1109,153427,95,50,45
1110,153445,1020,477,543
1111,153463,12,0,12
1112,153472,824,377,447
1113,153524,1044,437,607
1114,153533,357,173,184
1115,153542,8,1,7
1116,153588,7,6,1
1117,153597,72,3,69
1118,153603,8464,4599,3865
1119,153621,84,26,58
1120,153630,1106,448,658
1121,153658,7416,3495,3921
1122,153737,2101,930,1171
1123,153746,15,1,14
1124,153764,34,3,31
1125,153773,28,1,27
1126,153782,17,1,16
1127,153825,328,136,192
1128,153834,489,223,266
1129,153861,592,440,152
1130,153922,326,159,167
1131,153977,248,23,225
1132,154004,575,166,409
1133,154013,547,161,386
1134,154022,9494,3017,6477
1135,154059,763,291,472
1136,154095,2739,1061,1678
1137,154101,276,89,187
1138,154110,690,238,452
1139,154129,337,188,149
1140,154156,459,209,250
1141,154165,14,0,14
1142,154174,736,454,282
1143,154208,87,9,78
1144,154235,842,294,548
1145,154262,131,16,115
1146,154332,33,1,32
1147,154341,25,0,25
1148,154350,364,160,204
1149,154378,602,251,351
1150,154396,374,189,185
1151,154448,91,3,88
1152,154457,21,1,20
1153,154466,17,1,16
1154,154493,1517,550,967
1155,154518,993,675,318
1156,154527,269,128,141
1157,154536,23,9,14
1158,154545,25,12,13
1159,154572,1588,615,973
1160,154590,290,129,161
1161,154642,456,156,300
1162,154688,750,282,468
1163,154697,916,426,490
1164,154712,438,194,244
1165,154721,101,54,47
1166,154749,139,49,90
1167,154800,1475,537,938
1168,154855,169,104,65
1169,154907,439,157,282
1170,154925,466,217,249
1171,154934,321,67,254
1172,154952,684,256,428
1173,154998,231,106,125
1174,155007,106,21,85
1175,155025,1609,519,1090
1176,155052,388,152,236
1177,155061,3741,1376,2365
1178,155070,45,20,25
1179,155089,540,201,339
1180,155098,548,226,322
1181,155104,435,186,249
1182,155140,186,67,119
1183,155159,36,1,35
1184,155177,163,58,105
1185,155186,655,247,408
1186,155195,1030,448,582
1187,155201,223,82,141
1188,155210,3010,1234,1776
1189,155283,308,32,276
1190,155292,1274,512,762
1191,155308,14,14,0
1192,155317,6889,3164,3725
1193,155335,515,148,367
1194,155353,31,27,4
1195,155399,5386,2602,2784
1196,155414,170,85,85
1197,155423,1044,495,549
1198,155450,260,80,180
1199,155487,314,135,179
1200,155496,57,31,26
1201,155511,147,86,61
1202,155520,623,183,440
1203,155566,701,220,481
1204,155593,414,193,221
1205,155618,251,178,73
1206,155627,132,70,62
1207,155636,174,44,130
1208,155681,1585,740,845
1209,155715,313,113,200
1210,155812,420,167,253
1211,155830,408,123,285
1212,155858,474,179,295
1213,155900,430,263,167
1214,155937,103,47,56
1215,155973,178,79,99
1216,156082,1455,547,908
1217,156107,1793,981,812
1218,156125,3075,1345,1730
1219,156134,463,239,224
1220,156189,89,41,48
1221,156213,371,137,234
1222,156222,285,186,99
1223,156231,710,273,437
1224,156277,33,4,29
1225,156286,919,323,596
1226,156295,306,143,163
1227,156310,129,0,129
1228,156338,912,359,553
1229,156356,242,56,186
1230,156365,1788,1078,710
1231,156392,1966,743,1223
1232,156408,329,173,156
1233,156417,19,16,3
1234,156426,98,3,95
1235,156471,892,86,806
1236,156541,3305,1531,1774
1237,156620,3955,1565,2390
1238,156648,1614,892,722
1239,156727,856,45,811
1240,156745,470,138,332
1241,156754,19,0,19
1242,156790,686,261,425
1243,156842,77,4,73
1244,156851,277,67,210
1245,156860,781,356,425
1246,156921,2501,1225,1276
1247,156967,65,1,64
1248,157021,96,14,82
1249,157030,18,14,4
1250,157058,295,118,177
1251,157076,130,59,71
1252,157085,7167,3125,4042
1253,157100,115,39,76
1254,157207,14,4,10
1255,157216,678,164,514
1256,157289,5043,2373,2670
1257,157298,34,14,20
1258,157304,1017,366,651
1259,157331,725,272,453
1260,157377,320,86,234
1261,157386,1712,617,1095
1262,157401,2057,797,1260
1263,157438,1893,1063,830
1264,157447,2750,1073,1677
1265,157483,1924,709,1215
1266,157535,397,194,203
1267,157553,521,232,289
1268,157614,30,1,29
1269,157650,34,2,32
1270,157669,45,2,43
1271,157678,33,1,32
1272,157711,1144,406,738
1273,157739,649,266,383
1274,157748,572,478,94
1275,157757,589,133,456
1276,157793,1189,460,729
1277,157809,401,173,228
1278,157818,230,85,145
1279,157827,22,2,20
1280,157863,313,112,201
1281,157951,4118,1589,2529
1282,158088,1143,600,543
1283,158246,111,46,65
1284,158325,43,0,43
1285,158343,50,29,21
1286,158431,1238,437,801
1287,158477,127,46,81
1288,158538,8,2,6
1289,158617,266,128,138
1290,158644,41,0,41
1291,158662,2923,891,2032
1292,158778,30,1,29
1293,158787,40,1,39
1294,158802,247,49,198
1295,158884,711,281,430
1296,159009,838,297,541
1297,159027,52,0,52
1298,159197,264,218,46
1299,159328,69,1,68
1300,159373,843,225,618
1301,159382,540,159,381
1302,159391,6978,3220,3758
1303,159407,331,73,258
1304,159416,2142,921,1221
1305,159513,69,2,67
1306,159522,125,4,121
1307,159531,18,0,18
1308,159568,227,81,146
1309,159601,15,2,13
1310,159647,2120,1042,1078
1311,159656,879,292,587
1312,159717,1326,472,854
1313,159939,1557,713,844
1314,159948,510,407,103
1315,159966,1306,426,880
1316,159993,1658,538,1120
1317,160010,661,384,277
1318,160038,1899,481,1418
1319,160065,208,30,178
1320,160074,321,54,267
1321,160117,40,3,37
1322,160126,10,0,10
1323,160199,24,0,24
1324,160320,1745,57,1688
1325,160409,38,38,0
1326,160445,51,0,51
1327,160472,20,1,19
1328,160481,669,259,410
1329,160524,184,31,153
1330,160579,1319,802,517
1331,160597,23,11,12
1332,160612,2068,719,1349
1333,160621,1011,317,694
1334,160630,458,88,370
1335,160649,293,57,236
1336,160658,3420,1349,2071
1337,160667,1150,630,520
1338,160755,3874,1654,2220
1339,160904,509,115,394
1340,160959,86,25,61
1341,160977,469,223,246
1342,160995,114,43,71
1343,161004,472,238,234
1344,161022,72,9,63
1345,161077,464,202,262
1346,161086,462,215,247
1347,161138,362,196,166
1348,161192,381,148,233
1349,161208,53,50,3
1350,161217,564,165,399
1351,161226,422,116,306
1352,161235,254,59,195
1353,161244,105,16,89
1354,161253,2071,977,1094
1355,161299,225,181,44
1356,161341,174,71,103
1357,161457,1848,481,1367
1358,161484,181,93,88
1359,161493,89,2,87
1360,161509,128,41,87
1361,161518,574,200,374
1362,161527,213,18,195
1363,161545,790,363,427
1364,161554,1654,585,1069
1365,161563,241,109,132
1366,161572,174,80,94
1367,161581,104,74,30
1368,161688,511,164,347
1369,161767,2215,888,1327
1370,161800,72,24,48
1371,161855,18,1,17
1372,161864,554,185,369
1373,161873,1306,509,797
1374,162007,1093,373,720
1375,162061,190,151,39
1376,162104,337,117,220
1377,162122,1272,476,796
1378,162168,297,94,203
1379,162210,255,81,174
1380,162283,448,93,355
1381,162335,22,3,19
1382,162371,414,397,17
1383,162557,915,388,527
1384,162584,1292,568,724
1385,162609,103,49,54
1386,162654,480,127,353
1387,162690,709,268,441
1388,162706,923,383,540
1389,162760,542,201,341
1390,162779,1294,531,763
1391,162830,110,1,109
1392,162928,9081,4085,4996
1393,163028,358,346,12
1394,163046,1706,604,1102
1395,163204,12988,6706,6282
1396,163259,2342,541,1801
1397,163268,3324,1734,1590
1398,163286,10810,5659,5151
1399,163295,608,146,462
1400,163338,676,286,390
1401,163347,204,19,185
1402,163408,46,12,34
1403,163426,2910,1287,1623
1404,163453,1408,611,797
1405,163462,598,284,314
1406,163532,78,78,0
1407,163541,167,65,102
1408,163578,598,77,521
1409,163657,1023,400,623
1410,163754,32,2,30
1411,163815,40,1,39
1412,163851,2090,799,1291
1413,163912,420,172,248
1414,163976,107,61,46
1415,164076,5569,1985,3584
1416,164085,399,27,372
1417,164155,1066,767,299
1418,164173,1016,318,698
1419,164216,317,125,192
1420,164270,789,253,536
1421,164313,417,160,257
1422,164368,1246,701,545
1423,164447,986,235,751
1424,164465,482,230,252
1425,164492,407,188,219
1426,164535,43,6,37
1427,164562,650,225,425
1428,164580,1167,637,530
1429,164599,26,3,23
1430,164614,20,11,9
1431,164632,888,80,808
1432,164641,196,46,150
1433,164720,419,156,263
1434,164739,1572,830,742
1435,164748,1583,918,665
1436,164775,296,99,197
1437,164845,80,4,76
1438,164872,164,84,80
1439,164915,18,10,8
1440,164924,4048,1765,2283
1441,164988,11215,4454,6761
1442,165015,1754,728,1026
1443,165024,2558,907,1651
1444,165033,1234,417,817
1445,165060,79,6,73
1446,165112,1547,578,969
1447,165167,838,191,647
1448,165194,516,178,338
1449,165255,204,2,202
1450,165264,404,31,373
1451,165334,989,398,591
1452,165495,13,2,11
1453,165529,788,283,505
1454,165556,187,11,176
1455,165574,334,141,193
1456,165608,44,3,41
1457,165635,128,123,5
1458,165644,214,84,130
1459,165662,1285,463,822
1460,165671,529,117,412
1461,165699,1337,458,879
1462,165750,25,16,9
1463,165802,380,123,257
1464,165820,1496,600,896
1465,165866,1326,468,858
1466,165884,223,193,30
1467,165936,469,158,311
1468,165945,366,240,126
1469,165981,326,122,204
1470,166018,288,104,184
1471,166027,8266,4052,4214
1472,166045,31,11,20
1473,166054,53,41,12
1474,166124,698,329,369
1475,166133,859,306,553
1476,166391,596,215,381
1477,166407,114,5,109
1478,166452,1369,197,1172
1479,166489,94,29,65
1480,166498,44,1,43
1481,166513,4601,2728,1873
1482,166629,8241,4046,4195
1483,166638,3500,1304,2196
1484,166647,661,318,343
1485,166656,2321,655,1666
1486,166674,415,130,285
1487,166683,3556,2193,1363
1488,166692,433,372,61
1489,166708,210,81,129
1490,166717,308,70,238
1491,166805,40,27,13
1492,166823,895,416,479
1493,166850,1140,434,706
1494,166869,569,94,475
1495,166887,1124,438,686
1496,166911,66,21,45
1497,166939,605,10,595
1498,166957,752,248,504
1499,167039,14,0,14
1500,167057,277,139,138
1501,167093,121,38,83
1502,167215,146,55,91
1503,167224,19,12,7
1504,167260,416,229,187
1505,167288,344,119,225
1506,167297,82,60,22
1507,167312,952,325,627
1508,167358,7412,3892,3520
1509,167376,830,272,558
1510,167394,565,132,433
1511,167455,58,23,35
1512,167464,14,14,0
1513,167525,524,172,352
1514,167534,1388,524,864
1515,167598,819,117,702
1516,167631,273,80,193
1517,167677,53,41,12
1518,167729,2264,765,1499
1519,167783,2282,192,2090
1520,167792,159,67,92
1521,167835,811,33,778
1522,167871,75,22,53
1523,167899,872,330,542
1524,167905,969,416,553
1525,167987,1974,967,1007
1526,167996,603,233,370
1527,168005,2093,915,1178
1528,168032,10,0,10
1529,168148,3440,1463,1977
1530,168218,577,0,577
1531,168227,1014,791,223
1532,168254,1050,636,414
1533,168263,1509,633,876
1534,168281,309,112,197
1535,168342,549,275,274
1536,168421,1900,1283,617
1537,168430,1389,484,905
1538,168528,365,194,171
1539,168546,310,130,180
1540,168555,9,0,9
1541,168573,459,449,10
1542,168591,273,117,156
1543,168607,330,197,133
1544,168740,728,379,349
1545,168786,373,135,238
1546,168847,2970,847,2123
1547,168883,348,128,220
1548,168892,49,2,47
1549,169080,906,403,503
1550,169099,127,78,49
1551,169187,105,13,92
1552,169220,70,14,56
1553,169248,5914,2489,3425
1554,169275,1045,371,674
1555,169284,126,5,121
1556,169327,198,92,106
1557,169363,186,75,111
1558,169424,65,24,41
1559,169442,287,129,158
1560,169479,1675,714,961
1561,169503,146,2,144
1562,169521,1069,402,667
1563,169576,44,4,40
1564,169628,259,117,142
1565,169655,394,380,14
1566,169716,1508,599,909
1567,169734,296,29,267
1568,169761,84,1,83
1569,169798,4572,1715,2857
1570,169813,29,0,29
1571,169910,3605,1754,1851
1572,169947,18,15,3
1573,169974,172,64,108
1574,169983,525,402,123
1575,169992,183,70,113
1576,170000,161,69,92
1577,170037,654,272,382
1578,170055,2196,1039,1157
1579,170082,5763,2146,3617
1580,170091,16,9,7
1581,170240,1387,549,838
1582,170286,345,177,168
1583,170301,705,266,439
1584,170444,774,357,417
1585,170532,291,125,166
1586,170541,972,456,516
1587,170550,781,223,558
1588,170587,286,110,176
1589,170611,58,0,58
1590,170620,440,156,284
1591,170639,416,200,216
1592,170657,2049,779,1270
1593,170675,606,446,160
1594,170736,26,1,25
1595,170790,2593,1234,1359
1596,170806,887,291,596
1597,170842,167,34,133
1598,170967,245,77,168
1599,170976,12969,6577,6392
1600,171012,54,37,17
1601,171100,12321,5718,6603
1602,171128,1671,1190,481
1603,171137,2058,1146,912
1604,171146,1499,543,956
1605,171155,346,142,204
1606,171225,374,139,235
1607,171234,316,95,221
1608,171304,636,221,415
1609,171395,331,111,220
1610,171456,1616,690,926
1611,171483,644,319,325
1612,171492,1098,565,533
1613,171535,1977,792,1185
1614,171571,4548,1847,2701
1615,171599,189,93,96
1616,171775,27,0,27
1617,171881,41,19,22
1618,171988,88,2,86
1619,171997,149,7,142
1620,172015,114,10,104
1621,172033,100,63,37
1622,172051,1708,624,1084
1623,172200,1479,609,870
1624,172264,838,316,522
1625,172291,659,222,437
1626,172307,328,135,193
1627,172325,294,180,114
1628,172334,940,233,707
1629,172422,362,270,92
1630,172440,86,42,44
1631,172477,303,129,174
1632,172495,90,4,86
1633,172608,774,387,387
1634,172617,3398,1428,1970
1635,172635,1607,504,1103
1636,172644,6535,2818,3717
1637,172671,192,58,134
1638,172680,51,1,50
1639,172699,5063,2394,2669
1640,172705,56,39,17
1641,172802,27,0,27
1642,172866,13,11,2
1643,172918,756,430,326
1644,172927,14,3,11
1645,172954,807,307,500
1646,172963,1205,406,799
1647,173045,975,390,585
1648,173063,552,268,284
1649,173115,177,39,138
1650,173124,1099,417,682
1651,173142,128,58,70
1652,173160,1144,436,708
1653,173203,721,299,422
1654,173258,461,226,235
1655,173300,456,177,279
1656,173328,1603,543,1060
1657,173416,769,399,370
1658,173452,235,107,128
1659,173461,1162,485,677
1660,173470,17,0,17
1661,173559,1142,495,647
1662,173638,939,315,624
1663,173647,524,226,298
1664,173665,1111,346,765
1665,173683,90,31,59
1666,173708,1069,683,386
1667,173735,318,151,167
1668,173744,284,18,266
1669,173799,780,260,520
1670,173805,315,116,199
1671,173896,129,54,75
1672,173902,532,207,325
1673,173911,605,324,281
1674,173920,3176,1286,1890
1675,173957,350,107,243
1676,173993,241,116,125
1677,174020,2110,863,1247
1678,174066,13113,5938,7175
1679,174075,409,199,210
1680,174118,79,28,51
1681,174127,196,56,140
1682,174136,1136,429,707
1683,174154,142,12,130
1684,174190,97,2,95
1685,174233,2141,1126,1015
1686,174251,325,141,184
1687,174321,57,1,56
1688,174358,1446,488,958
1689,174376,989,418,571
1690,174428,1270,480,790
1691,174437,251,122,129
1692,174473,838,347,491
1693,174491,592,248,344
1694,174507,196,82,114
1695,174525,22,9,13
1696,174570,248,133,115
1697,174604,56,23,33
1698,174738,922,330,592
1699,174747,403,0,403
1700,174756,1034,486,548
1701,174783,2738,1219,1519
1702,174792,400,392,8
1703,174817,1731,540,1191
1704,174844,697,307,390
1705,174862,383,176,207
1706,174899,1488,369,1119
1707,174914,2807,1332,1475
1708,174978,100,2,98
1709,175005,1522,100,1422
1710,175014,2075,325,1750
1711,175041,1274,494,780
1712,175078,687,259,428
1713,175120,397,253,144
1714,175139,19,10,9
1715,175157,126,91,35
1716,175227,456,382,74
1717,175236,790,316,474
1718,175263,435,204,231
1719,175272,1861,624,1237
1720,175281,312,158,154
1721,175315,1813,733,1080
1722,175342,642,192,450
1723,175421,1305,371,934
1724,175430,136,56,80
1725,175494,58,17,41
1726,175519,393,160,233
1727,175528,70,4,66
1728,175573,725,292,433
1729,175607,3,0,3
1730,175616,899,309,590
1731,175643,534,227,307
1732,175652,960,451,509
1733,175698,8,5,3
1734,175722,19,0,19
1735,175786,2885,1306,1579
1736,175810,1406,509,897
1737,175829,1443,647,796
1738,175856,1708,517,1191
1739,175883,1119,481,638
1740,175935,943,320,623
1741,175980,220,120,100
1742,176008,564,212,352
1743,176017,6140,2441,3699
1744,176035,914,126,788
1745,176044,390,137,253
1746,176053,1479,486,993
1747,176062,24,1,23
1748,176071,2262,941,1321
1749,176080,4909,2390,2519
1750,176169,711,288,423
1751,176178,1542,550,992
1752,176239,1054,414,640
1753,176318,91,25,66
1754,176336,4,4,0
1755,176354,535,205,330
1756,176372,3267,1119,2148
1757,176390,97,4,93
1758,176406,114,31,83
1759,176433,9,0,9
1760,176451,8,8,0
1761,176479,1219,362,857
1762,176600,39,16,23
1763,176628,391,126,265
1764,176664,60,28,32
1765,176716,103,1,102
1766,176770,296,43,253
1767,176789,60,35,25
1768,176798,119,49,70
1769,176910,52,29,23
1770,176947,243,104,139
1771,176965,2852,1186,1666
1772,176983,65,56,9
1773,177038,102,63,39
1774,177065,3473,1579,1894
1775,177083,20,20,0
1776,177092,88,86,2
1777,177117,98,0,98
1778,177126,123,78,45
1779,177135,1251,702,549
1780,177144,210,74,136
1781,177214,353,143,210
1782,177250,517,191,326
1783,177278,28,14,14
1784,177287,41,0,41
1785,177302,134,62,72
1786,177339,503,240,263
1787,177418,431,130,301
1788,177436,32,4,28
1789,177472,2506,1043,1463
1790,177542,249,77,172
1791,177551,196,61,135
1792,177588,13,1,12
1793,177603,67,4,63
1794,177676,786,314,472
1795,177685,65,1,64
1796,177719,446,42,404
1797,177746,133,37,96
1798,177816,14,14,0
1799,177834,1298,554,744
1800,177870,14,13,1
1801,177931,45,4,41
1802,177940,423,155,268
1803,177968,2962,1139,1823
1804,177977,586,482,104
1805,177986,438,187,251
1806,177995,2369,1043,1326
1807,178004,58,7,51
1808,178059,2354,624,1730
1809,178077,36,1,35
1810,178110,34,2,32
1811,178183,152,7,145
1812,178208,355,307,48
1813,178217,608,226,382
1814,178244,770,245,525
1815,178341,1169,461,708
1816,178369,209,94,115
1817,178387,834,315,519
1818,178396,8131,3607,4524
1819,178402,3277,1485,1792
1820,178411,2069,1586,483
1821,178420,2798,1093,1705
1822,178448,793,296,497
1823,178466,56,7,49
1824,178518,47,26,21
1825,178527,19,0,19
1826,178615,1279,504,775
1827,178624,1459,601,858
1828,178679,125,54,71
1829,178697,310,134,176
1830,178721,2614,1338,1276
1831,178767,48,7,41
1832,178828,14,3,11
1833,178891,687,649,38
1834,178989,182,32,150
1835,179043,754,308,446
1836,179052,102,43,59
1837,179159,3269,1230,2039
1838,179195,10,0,10
1839,179229,18,5,13
1840,179256,15,11,4
1841,179265,402,150,252
1842,179308,2327,880,1447
1843,179317,20,10,10
1844,179326,763,227,536
1845,179344,239,78,161
1846,179450,254,26,228
1847,179511,174,6,168
1848,179539,740,225,515
1849,179548,220,11,209
1850,179557,2057,797,1260
1851,179566,4951,1964,2987
1852,179645,511,167,344
1853,179715,384,102,282
1854,179812,388,241,147
1855,179867,4689,2204,2485
1856,179894,4050,1921,2129
1857,179946,164,88,76
1858,179955,246,101,145
1859,179964,765,292,473
1860,179991,24,0,24
1861,180054,60,10,50
1862,180063,23,0,23
1863,180081,100,63,37
1864,180090,68,3,65
1865,180106,311,132,179
1866,180151,60,25,35
1867,180160,25,10,15
1868,180179,786,284,502
1869,180197,340,143,197
1870,180203,34,17,17
1871,180212,38,13,25
1872,180249,351,117,234
1873,180258,399,100,299
1874,180276,251,112,139
1875,180328,44,10,34
1876,180373,113,37,76
1877,180416,468,307,161
1878,180461,3256,1654,1602
1879,180489,2839,1150,1689
1880,180522,245,137,108
1881,180595,262,133,129
1882,180647,220,57,163
1883,180692,477,157,320
1884,180771,7,1,6
1885,180814,2559,1296,1263
1886,180832,370,60,310
1887,180878,158,12,146
1888,180902,1508,826,682
1889,180948,566,216,350
1890,180957,75,28,47
1891,180984,604,210,394
1892,181002,2428,981,1447
1893,181020,813,297,516
1894,181127,220,101,119
1895,181145,7,1,6
1896,181190,64,5,59
1897,181215,1273,448,825
1898,181297,350,36,314
1899,181303,1936,928,1008
1900,181312,396,176,220
1901,181330,323,159,164
1902,181376,22,11,11
1903,181394,3140,1354,1786
1904,181419,12,3,9
1905,181428,1154,311,843
1906,181446,532,194,338
1907,181464,5775,2902,2873
1908,181491,901,433,468
1909,181534,417,153,264
1910,181543,4,2,2
1911,181604,323,6,317
1912,181640,1549,817,732
1913,181738,182,61,121
1914,181765,96,42,54
1915,181783,669,277,392
1916,181817,273,102,171
1917,181853,89,51,38
1918,181880,200,7,193
1919,181941,185,124,61
1920,182005,4888,2014,2874
1921,182111,116,55,61
1922,182148,85,13,72
1923,182281,5679,2291,3388
1924,182290,4753,2176,2577
1925,182306,620,219,401
1926,182458,243,76,167
1927,182500,1984,894,1090
1928,182564,931,378,553
1929,182634,207,59,148
1930,182652,33,1,32
1931,182670,1921,970,951
1932,182704,37,2,35
1933,182722,80,16,64
1934,182795,568,244,324
1935,182829,81,42,39
1936,182892,13,0,13
1937,182917,23,9,14
1938,182953,58,5,53
1939,182980,655,299,356
1940,182999,14,0,14
1941,183026,20279,7318,12961
1942,183035,24,4,20
1943,183044,4063,1766,2297
1944,183062,805,349,456
1945,183071,198,90,108
1946,183080,1267,531,736
1947,183099,722,283,439
1948,183105,231,112,119
1949,183114,183,42,141
1950,183123,176,112,64
1951,183132,467,212,255
1952,183141,293,153,140
1953,183150,362,156,206
1954,183202,22,0,22
1955,183211,615,120,495
1956,183239,430,147,283
1957,183248,57,10,47
1958,183257,545,166,379
1959,183275,25,12,13
1960,183488,163,20,143
1961,183600,10,0,10
1962,183655,641,216,425
1963,183725,352,132,220
1964,183743,2179,959,1220
1965,183789,1255,304,951
1966,183804,1287,1287,0
1967,183822,307,91,216
1968,183859,1817,807,1010
1969,183877,1406,545,861
1970,183910,444,103,341
1971,183938,1507,644,863
1972,183974,548,182,366
1973,183983,44,42,2
1974,184047,5,0,5
1975,184056,256,60,196
1976,184092,313,20,293
1977,184180,1299,653,646
1978,184205,639,207,432
1979,184278,48,47,1
1980,184348,461,190,271
1981,184427,199,192,7
1982,184481,1102,361,741
1983,184506,56,7,49
1984,184603,1637,765,872
1985,184612,455,108,347
1986,184694,897,376,521
1987,184746,141,136,5
1988,184773,605,132,473
1989,184782,4275,2154,2121
1990,184791,1224,488,736
1991,184816,37,7,30
1992,184870,166,18,148
1993,184959,304,69,235
1994,184968,77,12,65
1995,184995,892,344,548
1996,185129,1749,589,1160
1997,185174,86,66,20
1998,185262,3149,1086,2063
1999,185332,202,17,185
2000,185396,696,672,24
2001,185466,222,2,220
2002,185509,895,378,517
2003,185536,1439,609,830
2004,185572,1689,605,1084
2005,185590,5414,1980,3434
2006,185679,110,20,90
2007,185721,238,90,148
2008,185758,33,12,21
2009,185767,248,31,217
2010,185828,2835,2116,719
2011,185873,1499,629,870
2012,185970,108,4,104
2013,186016,190,21,169
2014,186034,1084,367,717
2015,186052,374,313,61
2016,186122,173,107,66
2017,186131,2281,1273,1008
2018,186186,25,25,0
2019,186201,1544,628,916
2020,186274,104,16,88
2021,186283,1285,508,777
2022,186371,1771,727,1044
2023,186380,13335,5911,7424
2024,186399,3308,1613,1695
2025,186405,9,2,7
2026,186423,40,4,36
2027,186432,865,285,580
2028,186469,212,74,138
2029,186584,2720,1098,1622
2030,186593,71,12,59
2031,186618,307,41,266
2032,186645,1174,572,602
2033,186867,2539,1870,669
2034,186876,2313,866,1447
2035,186900,14,14,0
2036,187000,119,115,4
2037,187046,2474,1318,1156
2038,187134,2101,804,1297
2039,187198,1695,590,1105
2040,187444,2214,873,1341
2041,187505,383,55,328
2042,187532,6672,2609,4063
2043,187596,202,77,125
2044,187620,1093,463,630
2045,187639,608,154,454
2046,187648,1290,469,821
2047,187666,628,349,279
2048,187745,52,20,32
2049,187897,977,269,708
2050,187903,414,160,254
2051,187912,121,92,29
2052,187958,336,111,225
2053,187967,398,277,121
2054,187976,110,43,67
2055,187985,5630,2393,3237
2056,187994,94,36,58
2057,188003,158,54,104
2058,188021,59,12,47
2059,188030,3189,1471,1718
2060,188049,210,61,149
2061,188058,200,53,147
2062,188100,1405,425,980
2063,188137,812,289,523
2064,188182,295,98,197
2065,188207,64,10,54
2066,188216,68,27,41
2067,188225,148,45,103
2068,188261,346,292,54
2069,188289,35,4,31
2070,188304,630,192,438
2071,188340,303,262,41
2072,188429,2458,683,1775
2073,188438,626,253,373
2074,188517,130,42,88
2075,188526,282,102,180
2076,188535,145,71,74
2077,188580,220,102,118
2078,188641,722,245,477
2079,188650,330,27,303
2080,188669,29,4,25
2081,188678,161,67,94
2082,188687,95,43,52
2083,188696,22,3,19
2084,188854,601,173,428
2085,188890,994,970,24
2086,188915,16,2,14
2087,188942,70,0,70
2088,189015,289,43,246
2089,189088,613,282,331
2090,189097,680,0,680
2091,189219,261,249,12
2092,189228,997,333,664
2093,189255,100,0,100
2094,189273,4,4,0
2095,189282,125,25,100
2096,189404,83,0,83
2097,189413,396,61,335
2098,189468,147,3,144
2099,189477,74,1,73
2100,189501,347,165,182
2101,189547,1205,485,720
2102,189565,230,51,179
2103,189583,381,72,309
2104,189592,120,28,92
2105,189705,1043,457,586
2106,189714,125,2,123
2107,189811,186,36,150
2108,189839,457,184,273
2109,189848,234,71,163
2110,189857,129,129,0
2111,189981,19,14,5
2112,189990,485,7,478
2113,190008,23,6,17
2114,190044,1132,745,387
2115,190053,214,91,123
2116,190071,46,5,41
2117,190080,13,8,5
2118,190099,747,338,409
2119,190114,422,98,324
2120,190150,12411,5842,6569
2121,190169,280,93,187
2122,190239,106,4,102
2123,190248,596,76,520
2124,190318,257,29,228
2125,190372,218,146,72
2126,190415,7301,3820,3481
2127,190424,324,151,173
2128,190442,549,229,320
2129,190451,102,19,83
2130,190503,1261,578,683
2131,190512,5064,2367,2697
2132,190521,4363,1574,2789
2133,190530,1724,623,1101
2134,190549,4055,1438,2617
2135,190558,2704,994,1710
2136,190567,3337,1474,1863
2137,190576,2102,735,1367
2138,190585,1268,350,918
2139,190594,5500,1489,4011
2140,190600,3801,1581,2220
2141,190619,2536,998,1538
2142,190628,3426,1350,2076
2143,190637,3464,1044,2420
2144,190646,1224,291,933
2145,190655,2766,1396,1370
2146,190664,4787,1732,3055
2147,190673,2471,1025,1446
2148,190682,165,62,103
2149,190691,1177,323,854
2150,190707,8,0,8
2151,190716,740,193,547
2152,190725,928,202,726
2153,190752,5,5,0
2154,190761,557,167,390
2155,190840,1011,446,565
2156,190956,52,9,43
2157,190974,76,14,62
2158,190983,250,68,182
2159,191083,2166,1123,1043
2160,191126,3691,517,3174
2161,191199,745,294,451
2162,191205,124,86,38
2163,191241,5083,1938,3145
2164,191287,485,219,266
2165,191302,384,127,257
2166,191311,180,65,115
2167,191320,18,7,11
2168,191339,707,209,498
2169,191515,495,239,256
2170,191533,232,97,135
2171,191597,198,26,172
2172,191612,453,155,298
2173,191621,170,63,107
2174,191630,485,239,246
2175,191649,3148,1284,1864
2176,191676,271,88,183
2177,191719,1792,933,859
2178,191728,902,159,743
2179,191931,881,377,504
2180,191940,76,8,68
2181,191959,36,34,2
2182,191968,1709,661,1048
2183,191986,624,235,389
2184,192004,99,27,72
2185,192022,571,198,373
2186,192040,73,36,37
2187,192110,267,138,129
2188,192165,17,17,0
2189,192192,590,136,454
2190,192271,540,32,508
2191,192323,966,332,634
2192,192448,3891,1160,2731
2193,192484,48,1,47
2194,192509,330,88,242
2195,192624,14,14,0
2196,192688,227,32,195
2197,192703,1178,637,541
2198,192712,292,120,172
2199,192749,676,234,442
2200,192785,279,36,243
2201,192800,6,0,6
2202,192819,1710,687,1023
2203,192864,420,91,329
2204,192925,648,146,502
2205,192961,48,6,42
2206,192970,5,1,4
2207,193016,2319,667,1652
2208,193052,85,85,0
2209,193061,6,6,0
2210,193070,3,3,0
2211,193122,64,8,56
2212,193186,29,3,26
2213,193201,170,22,148
2214,193247,29,29,0
2215,193265,97,93,4
2216,193283,986,476,510
2217,193292,1287,288,999
2218,193308,2481,845,1636
2219,193326,1921,867,1054
2220,193353,572,157,415
2221,193380,66,15,51
2222,193399,380,108,272
2223,193405,306,119,187
2224,193478,2896,1322,1574
2225,193584,845,197,648
2226,193609,32,18,14
2227,193654,2875,825,2050
2228,193672,28,25,3
2229,193751,261,109,152
2230,193821,285,112,173
2231,193830,448,180,268
2232,193858,252,17,235
2233,193894,110,51,59
2234,193900,17148,7236,9912
2235,193946,873,361,512
2236,193973,1282,453,829
2237,193991,19,1,18
2238,194028,337,139,198
2239,194073,93,48,45
2240,194091,2081,1076,1005
2241,194116,155,17,138
2242,194161,591,241,350
2243,194189,6,6,0
2244,194222,1077,484,593
2245,194240,854,329,525
2246,194259,21,2,19
2247,194310,3531,1368,2163
2248,194392,170,110,60
2249,194435,114,4,110
2250,194499,304,48,256
2251,194569,58,32,26
2252,194578,1316,371,945
2253,194657,79,79,0
2254,194666,73,73,0
2255,194693,2,2,0
2256,194736,2,2,0
2257,194763,92,92,0
2258,194824,1837,1231,606
2259,194958,616,145,471
2260,195003,3706,2361,1345
2261,195030,3396,1654,1742
2262,195049,39,20,19
2263,195058,912,431,481
2264,195067,279,17,262
2265,195128,787,132,655
2266,195155,18,9,9
2267,195164,608,273,335
2268,195173,489,201,288
2269,195191,152,11,141
2270,195216,615,258,357
2271,195234,1418,349,1069
2272,195243,339,161,178
2273,195289,59,8,51
2274,195304,457,122,335
2275,195322,501,208,293
2276,195438,13,13,0
2277,195474,830,404,426
2278,195526,601,223,378
2279,195544,320,81,239
2280,195562,1249,385,864
2281,195580,24,22,2
2282,195702,81,7,74
2283,195720,1048,368,680
2284,195784,200,29,171
2285,195809,4263,1723,2540
2286,195988,216,85,131
2287,196006,1057,665,392
2288,196015,774,305,469
2289,196024,1033,488,545
2290,196033,624,284,340
2291,196042,2104,1122,982
2292,196051,674,284,390
2293,196060,4630,2087,2543
2294,196079,4815,2434,2381
2295,196088,8056,4281,3775
2296,196097,7759,3671,4088
2297,196103,609,326,283
2298,196112,746,446,300
2299,196121,2163,843,1320
2300,196130,2249,799,1450
2301,196149,1715,738,977
2302,196158,976,373,603
2303,196167,1346,492,854
2304,196176,2190,811,1379
2305,196185,1592,581,1011
2306,196194,2091,987,1104
2307,196200,726,269,457
2308,196219,949,392,557
2309,196228,98,24,74
2310,196237,1105,424,681
2311,196246,1439,584,855
2312,196255,614,206,408
2313,196264,3055,1065,1990
2314,196291,456,391,65
2315,196307,457,173,284
2316,196389,277,59,218
2317,196413,6374,2912,3462
2318,196431,21,21,0
2319,196440,2,2,0
2320,196468,1920,423,1497
2321,196565,628,229,399
2322,196583,17,17,0
2323,196592,3648,1049,2599
2324,196653,387,51,336
2325,196680,6001,3222,2779
2326,196699,415,198,217
2327,196866,514,277,237
2328,196884,68,24,44
2329,197018,335,335,0
2330,197027,200,166,34
2331,197036,1030,797,233
2332,197045,1751,674,1077
2333,197133,627,260,367
2334,197142,122,31,91
2335,197151,1192,379,813
2336,197197,614,219,395
2337,197221,21,15,6
2338,197230,109,39,70
2339,197285,261,85,176
2340,197294,1655,745,910
2341,197337,43,1,42
2342,197531,350,172,178
2343,197601,23,23,0
2344,197647,12,12,0
2345,197674,28,28,0
2346,197692,5,5,0
2347,197708,1369,587,782
2348,197735,107,107,0
2349,197744,50,50,0
2350,197814,515,196,319
2351,197850,484,178,306
2352,197869,4758,1921,2837
2353,197887,1609,718,891
2354,197911,244,75,169
2355,197966,353,132,221
2356,197984,292,138,154
2357,197993,56,0,56
2358,198011,265,95,170
2359,198039,533,254,279
2360,198066,107,52,55
2361,198084,326,127,199
2362,198109,171,13,158
2363,198118,716,289,427
2364,198136,1625,737,888
2365,198154,1804,847,957
2366,198190,22,17,5
2367,198206,306,96,210
2368,198215,288,138,150
2369,198233,886,388,498
2370,198251,1082,475,607
2371,198260,2882,1359,1523
2372,198303,268,100,168
2373,198321,679,281,398
2374,198330,1047,447,600
2375,198367,617,254,363
2376,198376,1307,514,793
2377,198385,477,240,237
2378,198419,5763,2869,2894
2379,198455,964,373,591
2380,198464,6634,2528,4106
2381,198491,866,215,651
2382,198507,240,99,141
2383,198516,1683,674,1009
2384,198534,2624,1282,1342
2385,198543,1204,343,861
2386,198552,1493,587,906
2387,198561,1157,328,829
2388,198570,1279,500,779
2389,198598,199,71,128
2390,198613,292,130,162
2391,198622,2261,1052,1209
2392,198640,310,173,137
2393,198668,543,266,277
2394,198677,5,3,2
2395,198695,1155,439,716
2396,198710,693,274,419
2397,198729,226,88,138
2398,198756,262,78,184
2399,198774,818,386,432
2400,198808,229,63,166
2401,198817,737,293,444
2402,198835,557,184,373
2403,198844,144,1,143
2404,198862,148,73,75
2405,198871,90,56,34
2406,198899,239,99,140
2407,198905,212,72,140
2408,198914,250,133,117
2409,198923,260,100,160
2410,198950,576,25,551
2411,198969,470,204,266
2412,198978,444,47,397
2413,198987,784,319,465
2414,199005,3,0,3
2415,199023,280,154,126
2416,199032,178,61,117
2417,199069,868,298,570
2418,199078,63,8,55
2419,199087,571,251,320
2420,199102,2132,879,1253
2421,199111,810,351,459
2422,199120,8177,3547,4630
2423,199139,7605,3629,3976
2424,199148,4444,1369,3075
2425,199157,1704,532,1172
2426,199184,247,126,121
2427,199193,9046,4817,4229
2428,199209,501,195,306
2429,199218,4555,1522,3033
2430,199263,226,179,47
2431,199272,213,97,116
2432,199281,1225,415,810
2433,199306,316,105,211
2434,199324,251,129,122
2435,199333,1366,454,912
2436,199412,753,207,546
2437,199421,585,191,394
2438,199449,635,250,385
2439,199458,35,18,17
2440,199467,105,42,63
2441,199476,418,195,223
2442,199485,362,140,222
2443,199494,1615,595,1020
2444,199582,92,47,45
2445,199607,220,13,207
2446,199625,314,100,214
2447,199634,742,236,506
2448,199643,197,77,120
2449,199670,29,12,17
2450,199689,76,3,73
2451,199698,105,38,67
2452,199722,329,154,175
2453,199731,564,192,372
2454,199740,574,240,334
2455,199759,497,387,110
2456,199768,558,200,358
2457,199786,729,270,459
2458,199795,172,55,117
2459,199838,575,188,387
2460,199847,2475,1067,1408
2461,199856,4933,2312,2621
2462,199865,143,54,89
2463,199883,54,6,48
2464,199892,1089,521,568
2465,199908,415,161,254
2466,199926,702,374,328
2467,199953,401,124,277
2468,199962,822,318,504
2469,199971,7,4,3
2470,199980,60,50,10
2471,199999,1174,271,903
2472,200004,2691,1024,1667
2473,200013,311,34,277
2474,200022,959,602,357
2475,200059,270,97,173
2476,200086,16,4,12
2477,200110,39,1,38
2478,200156,159,76,83
2479,200192,271,127,144
2480,200208,25,10,15
2481,200217,942,314,628
2482,200226,207,67,140
2483,200253,688,247,441
2484,200262,6,6,0
2485,200280,3258,1435,1823
2486,200305,588,367,221
2487,200314,139,56,83
2488,200332,3066,1586,1480
2489,200341,188,61,127
2490,200387,18,0,18
2491,200466,69,21,48
2492,200484,47,31,16
2493,200527,174,89,85
2494,200554,107,39,68
2495,200572,333,114,219
2496,200590,102,35,67
2497,200697,410,346,64
2498,200785,150,24,126
2499,200800,4291,2144,2147
2500,200846,95,41,54
2501,200873,8,3,5
2502,201016,45,2,43
2503,201034,597,267,330
2504,201061,46,12,34
2505,201098,58,18,40
2506,201104,1614,742,872
2507,201131,90,30,60
2508,201140,39,31,8
2509,201159,191,142,49
2510,201177,96,9,87
2511,201195,1053,442,611
2512,201283,235,65,170
2513,201371,204,92,112
2514,201432,202,55,147
2515,201441,4096,1613,2483
2516,201469,247,27,220
2517,201478,126,31,95
2518,201496,210,130,80
2519,201539,105,7,98
2520,201548,846,334,512
2521,201645,3375,1564,1811
2522,201654,833,387,446
2523,201672,602,164,438
2524,201681,34,2,32
2525,201690,185,69,116
2526,201751,31,7,24
2527,201803,61,7,54
2528,201821,316,24,292
2529,201858,110,63,47
2530,201867,68,22,46
2531,201885,10054,4416,5638
2532,201928,1568,735,833
2533,201946,593,242,351
2534,201955,801,311,490
2535,201964,813,288,525
2536,201973,1147,383,764
2537,201982,22,1,21
2538,202046,118,46,72
2539,202073,119,45,74
2540,202134,4100,1725,2375
2541,202152,129,32,97
2542,202161,189,44,145
2543,202170,238,77,161
2544,202222,5142,2241,2901
2545,202356,3627,1471,2156
2546,202435,29,1,28
2547,202453,21,15,6
2548,202480,2886,1486,1400
2549,202514,146,75,71
2550,202523,529,237,292
2551,202648,535,228,307
2552,202657,283,125,158
2553,202763,1064,372,692
2554,202806,1901,849,1052
2555,202888,68,8,60
2556,202903,39,18,21
2557,202912,123,14,109
2558,202949,266,195,71
2559,202985,49,4,45
2560,203030,81,10,71
2561,203067,104,40,64
2562,203085,260,131,129
2563,203128,211,90,121
2564,203146,332,314,18
2565,203155,610,329,281
2566,203234,117,4,113
2567,203289,23,20,3
2568,203331,1017,368,649
2569,203368,939,428,511
2570,203386,957,63,894
2571,203438,98,0,98
2572,203447,358,124,234
2573,203456,117,26,91
2574,203465,1022,374,648
2575,203474,245,111,134
2576,203483,336,131,205
2577,203492,186,39,147
2578,203517,7201,2637,4564
2579,203526,239,86,153
2580,203535,434,193,241
2581,203544,269,39,230
2582,203580,209,92,117
2583,203599,1093,430,663
2584,203614,274,63,211
2585,203678,440,136,304
2586,203720,93,17,76
2587,203739,87,13,74
2588,203748,1776,613,1163
2589,203757,252,86,166
2590,203775,368,116,252
2591,203845,231,130,101
2592,203881,381,129,252
2593,203942,36,20,16
2594,203960,439,69,370
2595,203997,44,19,25
2596,204006,367,175,192
2597,204015,230,113,117
2598,204024,5024,2204,2820
2599,204121,20,0,20
2600,204158,179,54,125
2601,204176,413,40,373
2602,204185,510,237,273
2603,204194,514,182,332
2604,204200,538,156,382
2605,204255,368,154,214
2606,204264,424,172,252
2607,204334,71,1,70
2608,204422,505,191,314
2609,204431,13,2,11
2610,204440,321,143,178
2611,204459,67,19,48
2612,204468,320,144,176
2613,204477,234,117,117
2614,204486,1106,910,196
2615,204501,681,293,388
2616,204608,411,390,21
2617,204617,456,187,269
2618,204635,608,303,305
2619,204662,221,127,94
2620,204671,201,70,131
2621,204680,148,44,104
2622,204699,216,81,135
2623,204705,677,292,385
2624,204714,42,0,42
2625,204723,115,104,11
2626,204769,134,3,131
2627,204778,43,0,43
2628,204796,15309,7380,7929
2629,204802,9,3,6
2630,204820,118,47,71
2631,204839,144,50,94
2632,204848,66,36,30
2633,204857,9398,3458,5940
2634,204866,86,20,66
2635,204884,96,3,93
2636,204893,25,6,19
2637,204909,299,138,161
2638,204936,668,229,439
2639,204945,1380,575,805
2640,204963,14,1,13
2641,204981,138,34,104
2642,204990,46,24,22
2643,205027,33,33,0
2644,205054,233,20,213
2645,205090,16,0,16
2646,205124,7,7,0
2647,205142,52,20,32
2648,205179,221,58,163
2649,205203,377,123,254
2650,205391,80,19,61
2651,205443,680,278,402
2652,205470,5352,2519,2833
2653,205559,40,7,33
2654,205841,1562,753,809
2655,205887,304,50,254
2656,205957,648,260,388
2657,205966,312,94,218
2658,206011,328,181,147
2659,206039,23,0,23
2660,206048,831,419,412
2661,206084,4497,2099,2398
2662,206154,8,4,4
2663,206172,78,12,66
2664,206181,134,41,93
2665,206279,492,245,247
2666,206288,82,44,38
2667,206321,49,21,28
2668,206349,347,36,311
2669,206394,10,0,10
2670,206437,642,211,431
2671,206446,317,103,214
2672,206491,63,18,45
2673,206507,292,134,158
2674,206516,18,10,8
2675,206525,373,157,216
2676,206589,450,204,246
2677,206604,3615,1648,1967
2678,206613,173,79,94
2679,206622,1890,735,1155
2680,206695,2220,1032,1188
2681,206817,64,37,27
2682,206835,318,103,215
2683,206862,773,375,398
2684,206905,75,36,39
2685,206914,703,292,411
2686,206923,432,122,310
2687,206932,168,18,150
2688,206941,3085,1136,1949
2689,206996,440,107,333
2690,207041,872,302,570
2691,207050,230,85,145
2692,207069,217,73,144
2693,207087,17,0,17
2694,207102,55,8,47
2695,207157,50,27,23
2696,207209,260,86,174
2697,207236,420,144,276
2698,207254,458,417,41
2699,207263,1760,610,1150
2700,207272,17,1,16
2701,207281,778,283,495
2702,207290,384,137,247
2703,207306,394,136,258
2704,207315,314,151,163
2705,207324,553,318,235
2706,207342,1149,319,830
2707,207351,295,107,188
2708,207388,5807,2804,3003
2709,207397,881,302,579
2710,207403,425,178,247
2711,207449,1776,705,1071
2712,207458,932,315,617
2713,207500,6769,3325,3444
2714,207564,662,473,189
2715,207582,679,265,414
2716,207661,573,205,368
2717,207670,803,241,562
2718,207704,60,0,60
2719,207722,152,46,106
2720,207740,311,100,211
2721,207786,19,1,18
2722,207847,972,448,524
2723,207856,152,74,78
2724,207865,1286,426,860
2725,207935,2500,916,1584
2726,207962,537,480,57
2727,207971,1093,630,463
2728,208017,9,0,9
2729,208035,316,91,225
2730,208044,14,5,9
2731,208053,146,56,90
2732,208187,62,4,58
2733,208275,274,99,175
2734,208318,873,375,498
2735,208390,1549,657,892
2736,208406,882,392,490
2737,208415,135,57,78
2738,208433,32,1,31
2739,208479,409,56,353
2740,208488,2283,476,1807
2741,208512,135,28,107
2742,208637,163,53,110
2743,208646,686,252,434
2744,208725,14,5,9
2745,208822,1137,429,708
2746,208859,27,4,23
2747,209038,1227,537,690
2748,209056,948,334,614
2749,209065,307,125,182
2750,209074,729,302,427
2751,209083,36,8,28
2752,209153,24,6,18
2753,209205,48,3,45
2754,209241,43,42,1
2755,209250,1426,574,852
2756,209287,178,85,93
2757,209296,188,41,147
2758,209409,248,81,167
2759,209490,1063,311,752
2760,209506,764,422,342
2761,209542,7284,3797,3487
2762,209551,5978,2694,3284
2763,209603,100,28,72
2764,209612,1278,399,879
2765,209667,27,2,25
2766,209676,62,5,57
2767,209694,23,5,18
2768,209700,106,17,89
2769,209719,32,2,30
2770,209746,4399,1976,2423
2771,209807,6493,2738,3755
2772,209825,1118,426,692
2773,209922,348,137,211
2774,209940,1084,412,672
2775,210076,539,122,417
2776,210146,1174,444,730
2777,210155,460,198,262
2778,210234,363,171,192
2779,210270,829,341,488
2780,210304,81,28,53
2781,210331,265,90,175
2782,210340,28,1,27
2783,210368,146,89,57
2784,210401,643,301,342
2785,210429,1295,490,805
2786,210438,405,175,230
2787,210474,44,16,28
2788,210492,66,27,39
2789,210508,6,4,2
2790,210571,407,153,254
2791,210599,447,307,140
2792,210605,2376,1052,1324
2793,210669,382,179,203
2794,210711,30,3,27
2795,210739,869,309,560
2796,210748,49,0,49
2797,210775,685,191,494
2798,210784,103,2,101
2799,210809,2962,2223,739
2800,211006,114,111,3
2801,211024,203,102,101
2802,211079,309,135,174
2803,211088,1105,326,779
2804,211130,59,34,25
2805,211149,88,18,70
2806,211158,2153,820,1333
2807,211273,495,40,455
2808,211291,882,425,457
2809,211307,1025,428,597
2810,211316,50,0,50
2811,211334,37,1,36
2812,211343,530,206,324
2813,211352,505,166,339
2814,211361,2355,898,1457
2815,211431,559,82,477
2816,211440,4837,2875,1962
2817,211468,404,58,346
2818,211477,323,105,218
2819,211556,739,147,592
2820,211583,497,126,371
2821,211608,117,44,73
2822,211635,77,3,74
2823,211644,1391,404,987
2824,211802,94,25,69
2825,211893,45,25,20
2826,211927,1439,653,786
2827,211981,555,210,345
2828,212009,597,235,362
2829,212018,56,34,22
2830,212045,168,47,121
2831,212054,6449,2662,3787
2832,212106,2390,809,1581
2833,212115,1453,568,885
2834,212133,796,255,541
2835,212160,1358,468,890
2836,212197,620,217,403
2837,212230,30,2,28
2838,212267,45,3,42
2839,212276,41,1,40
2840,212294,43,2,41
2841,212300,40,0,40
2842,212328,53,3,50
2843,212337,58,2,56
2844,212355,83,2,81
2845,212382,69,0,69
2846,212391,63,1,62
2847,212434,102,94,8
2848,212443,20,13,7
2849,212452,16,10,6
2850,212568,92,8,84
2851,212577,542,250,292
2852,212601,958,363,595
2853,212656,424,210,214
2854,212674,611,281,330
2855,212753,68,4,64
2856,212771,111,14,97
2857,212805,506,248,258
2858,212832,879,217,662
2859,212869,379,61,318
2860,212878,2320,825,1495
2861,212911,321,167,154
2862,212975,143,107,36
2863,212984,923,210,713
2864,212993,29,18,11
2865,213011,584,131,453
2866,213020,2932,1266,1666
2867,213163,21,4,17
2868,213181,242,21,221
2869,213215,244,3,241
2870,213233,164,137,27
2871,213251,324,139,185
2872,213303,296,101,195
2873,213321,565,241,324
2874,213330,14,0,14
2875,213349,1842,774,1068
2876,213358,395,165,230
2877,213367,1274,452,822
2878,213376,430,225,205
2879,213385,615,284,331
2880,213400,445,212,233
2881,213446,35,16,19
2882,213455,130,0,130
2883,213473,60,11,49
2884,213491,33,1,32
2885,213507,481,208,273
2886,213525,856,275,581
2887,213534,335,153,182
2888,213543,1788,985,803
2889,213552,35,5,30
2890,213570,311,51,260
2891,213589,95,89,6
2892,213598,443,123,320
2893,213613,861,308,553
2894,213622,40,7,33
2895,213631,48,18,30
2896,213659,675,247,428
2897,213668,255,114,141
2898,213774,110,16,94
2899,213783,409,151,258
2900,213826,866,222,644
2901,213914,172,15,157
2902,213932,68,8,60
2903,213987,687,255,432
2904,213996,834,290,544
2905,214023,9,8,1
2906,214041,1703,671,1032
2907,214069,717,190,527
2908,214111,1409,563,846
2909,214148,101,3,98
2910,214157,654,252,402
2911,214166,351,94,257
2912,214175,569,207,362
2913,214272,636,222,414
2914,214290,381,366,15
2915,214379,1377,550,827
2916,214476,21,18,3
2917,214528,315,290,25
2918,214564,389,77,312
2919,214582,143,35,108
2920,214591,879,571,308
2921,214607,149,90,59
2922,214616,228,94,134
2923,214625,110,58,52
2924,214634,87,25,62
2925,214643,87,53,34
2926,214652,158,71,87
2927,214670,96,38,58
2928,214689,315,158,157
2929,214698,69,29,40
2930,214704,442,214,228
2931,214713,997,576,421
2932,214731,195,95,100
2933,214740,98,58,40
2934,214759,119,37,82
2935,214768,111,48,63
2936,214777,12099,6361,5738
2937,214786,80,54,26
2938,214795,141,58,83
2939,214801,696,256,440
2940,214810,103,39,64
2941,214829,113,58,55
2942,214883,318,78,240
2943,214892,260,135,125
2944,214944,259,190,69
2945,214971,83,31,52
2946,215008,37,36,1
2947,215044,67,8,59
2948,215053,48,16,32
2949,215062,7792,3540,4252
2950,215105,463,162,301
2951,215114,241,105,136
2952,215123,770,277,493
2953,215132,694,238,456
2954,215239,1905,655,1250
2955,215266,235,102,133
2956,215275,240,109,131
2957,215284,492,276,216
2958,215293,7820,3526,4294
2959,215309,54,14,40
2960,215336,23,0,23
2961,215381,629,576,53
2962,215390,85,43,42
2963,215415,644,367,277
2964,215424,45,25,20
2965,215442,1078,432,646
2966,215479,52,7,45
2967,215530,50,2,48
2968,215585,487,191,296
2969,215594,168,33,135
2970,215619,5,2,3
2971,215628,14,13,1
2972,215637,89,33,56
2973,215655,1316,687,629
2974,215682,255,243,12
2975,215691,263,70,193
2976,215743,728,215,513
2977,215770,2196,878,1318
2978,215798,477,247,230
2979,215813,9,9,0
2980,215886,68,26,42
2981,215929,1468,588,880
2982,215947,478,181,297
2983,215974,115,16,99
2984,215983,38,5,33
2985,215992,125,32,93
2986,216010,1545,714,831
2987,216038,2226,845,1381
2988,216047,63,53,10
2989,216074,111,3,108
2990,216083,176,70,106
2991,216162,130,19,111
2992,216223,32,2,30
2993,216278,521,212,309
2994,216287,395,190,205
2995,216296,377,345,32
2996,216311,17,17,0
2997,216339,9647,4436,5211
2998,216348,3,3,0
2999,216357,145,84,61
3000,216366,2730,817,1913
3001,216418,131,51,80
3002,216427,20,19,1
3003,216436,83,73,10
3004,216445,66,58,8
3005,216454,79,74,5
3006,216463,45,37,8
3007,216524,320,146,174
3008,216542,180,86,94
3009,216551,67,64,3
3010,216579,65,0,65
3011,216597,3355,1509,1846
3012,216630,44,3,41
3013,216667,310,165,145
3014,216694,439,173,266
3015,216746,58,52,6
3016,216764,4333,1633,2700
3017,216773,44,2,42
3018,216782,109,6,103
3019,216807,254,97,157
3020,216816,119,79,40
3021,216825,678,212,466
3022,216852,1624,565,1059
3023,216931,1657,492,1165
3024,216940,72,72,0
3025,217013,223,35,188
3026,217040,2,2,0
3027,217059,943,405,538
3028,217077,397,165,232
3029,217156,2855,1368,1487
3030,217165,1032,586,446
3031,217235,2425,926,1499
3032,217305,1104,698,406
3033,217323,427,411,16
3034,217402,1225,504,721
3035,217420,1647,489,1158
3036,217475,2211,822,1389
3037,217484,4156,1686,2470
3038,217493,693,235,458
3039,217518,1135,488,647
3040,217536,801,234,567
3041,217581,59,0,59
3042,217606,46,29,17
3043,217615,413,168,245
3044,217624,61,23,38
3045,217633,834,276,558
3046,217688,774,276,498
3047,217712,233,78,155
3048,217721,287,121,166
3049,217749,607,264,343
3050,217776,434,161,273
3051,217794,48,3,45
3052,217819,2367,770,1597
3053,217828,26,0,26
3054,217837,169,44,125
3055,217864,942,681,261
3056,217873,381,108,273
3057,217882,6455,3252,3203
3058,217891,21,9,12
3059,217907,282,100,182
3060,217925,335,173,162
3061,217934,524,150,374
3062,217961,279,15,264
3063,217989,103,37,66
3064,217998,112,63,49
3065,218025,640,282,358
3066,218043,24,3,21
3067,218061,677,181,496
3068,218070,680,270,410
3069,218113,1895,781,1114
3070,218140,1430,512,918
3071,218159,49,1,48
3072,218195,29,4,25
3073,218229,545,173,372
3074,218238,513,205,308
3075,218335,993,333,660
3076,218353,1806,642,1164
3077,218399,99,36,63
3078,218414,231,115,116
3079,218441,588,285,303
3080,218487,481,171,310
3081,218520,967,372,595
3082,218539,270,122,148
3083,218645,570,178,392
3084,218654,352,113,239
3085,218663,8801,3761,5040
3086,218672,135,38,97
3087,218681,132,44,88
3088,218690,122,46,76
3089,218706,74,33,41
3090,218724,2189,924,1265
3091,218733,466,184,282
3092,218742,1296,405,891
3093,218751,97,41,56
3094,218821,198,102,96
3095,218830,657,307,350
3096,218858,565,195,370
3097,218867,7,1,6
3098,218885,1838,866,972
3099,218894,1788,654,1134
3100,218919,79,25,54
3101,218955,101,26,75
3102,218964,1322,355,967
3103,218973,379,171,208
3104,218991,886,380,506
3105,219000,492,153,339
3106,219037,35,0,35
3107,219046,584,202,382
3108,219082,440,270,170
3109,219091,208,80,128
3110,219125,44,1,43
3111,219143,816,454,362
3112,219170,10,2,8
3113,219189,468,334,134
3114,219198,179,74,105
3115,219204,649,231,418
3116,219213,26,2,24
3117,219240,42,27,15
3118,219259,367,138,229
3119,219277,151,47,104
3120,219295,168,42,126
3121,219338,5,0,5
3122,219347,589,446,143
3123,219356,2565,1116,1449
3124,219374,72,29,43
3125,219383,419,159,260
3126,219392,12,4,8
3127,219408,29,13,16
3128,219426,785,382,403
3129,219453,80,2,78
3130,219471,2132,808,1324
3131,219480,339,151,188
3132,219505,19,12,7
3133,219587,25,1,24
3134,219596,157,83,74
3135,219602,2296,800,1496
3136,219639,240,25,215
3137,219709,2003,715,1288
3138,219718,998,441,557
3139,219790,287,124,163
3140,219806,799,307,492
3141,219824,1339,513,826
3142,219833,423,181,242
3143,219842,81,59,22
3144,219851,24,0,24
3145,219879,525,255,270
3146,219888,922,365,557
3147,219903,799,64,735
3148,219921,155,97,58
3149,219949,652,257,395
3150,219976,1465,523,942
3151,219994,403,196,207
3152,220002,42,10,32
3153,220057,410,129,281
3154,220075,3507,1323,2184
3155,220118,127,21,106
3156,220127,334,161,173
3157,220163,21,0,21
3158,220181,98,16,82
3159,220206,52,21,31
3160,220215,410,165,245
3161,220251,159,98,61
3162,220279,191,99,92
3163,220321,282,170,112
3164,220394,125,53,72
3165,220400,656,205,451
3166,220464,51,21,30
3167,220473,300,152,148
3168,220491,124,4,120
3169,220516,756,240,516
3170,220552,767,193,574
3171,220598,176,82,94
3172,220604,139,36,103
3173,220613,1011,338,673
3174,220631,1592,523,1069
3175,220640,260,133,127
3176,220701,162,56,106
3177,220710,247,99,148
3178,220756,117,89,28
3179,220765,135,25,110
3180,220792,219,84,135
3181,220808,67,23,44
3182,220853,503,335,168
3183,220862,4231,1609,2622
3184,220871,39,22,17
3185,220978,4860,2170,2690
3186,220996,70,36,34
3187,221050,477,339,138
3188,221096,1159,460,699
3189,221102,317,187,130
3190,221148,801,763,38
3191,221157,61,4,57
3192,221184,1140,471,669
3193,221236,211,120,91
3194,221281,193,68,125
3195,221333,285,217,68
3196,221351,510,235,275
3197,221388,117,26,91
3198,221397,1098,392,706
3199,221430,169,111,58
3200,221485,1044,396,648
3201,221494,214,155,59
3202,221519,436,199,237
3203,221582,147,78,69
3204,221591,191,130,61
3205,221607,92,65,27
3206,221616,340,210,130
3207,221625,509,287,222
3208,221634,118,54,64
3209,221643,1884,896,988
3210,221661,773,254,519
3211,221670,132,39,93
3212,221731,272,80,192
3213,221740,2520,1076,1444
3214,221759,6944,3277,3667
3215,221768,1255,511,744
3216,221829,173,3,170
3217,221838,1588,593,995
3218,221847,2364,1154,1210
3219,221892,1046,342,704
3220,221908,1219,624,595
3221,221953,543,206,337
3222,221971,1013,310,703
3223,221999,3785,1686,2099
3224,222053,1430,560,870
3225,222062,1160,507,653
3226,222105,99,97,2
3227,222178,1217,438,779
3228,222567,1105,456,649
3229,222576,2059,911,1148
3230,222628,428,151,277
3231,222822,633,234,399
3232,222831,1678,666,1012
3233,222877,44,25,19
3234,222886,218,15,203
3235,222938,222,98,124
3236,222983,289,132,157
3237,222992,4627,2071,2556
3238,223001,41,20,21
3239,223056,35,3,32
3240,223083,386,60,326
3241,223117,19,15,4
3242,223223,361,153,208
3243,223232,4416,1833,2583
3244,223320,769,320,449
3245,223427,1588,628,960
3246,223463,402,98,304
3247,223472,99,9,90
3248,223506,982,585,397
3249,223524,1399,650,749
3250,223773,1438,522,916
3251,223816,3539,1961,1578
3252,223852,20,0,20
3253,223898,578,223,355
3254,223922,325,120,205
3255,224004,693,226,467
3256,224110,1136,441,695
3257,224147,2457,942,1515
3258,224156,203,8,195
3259,224226,1291,478,813
3260,224244,36,19,17
3261,224271,90,35,55
3262,224305,413,244,169
3263,224323,835,450,385
3264,224350,1591,726,865
3265,224527,334,159,175
3266,224545,524,210,314
3267,224554,3322,1174,2148
3268,224572,1897,916,981
3269,224615,1601,597,1004
3270,224642,3955,1591,2364
3271,224660,227,109,118
3272,224679,533,451,82
3273,224712,41,15,26
3274,224758,18,0,18
3275,224776,146,73,73
3276,224828,39,1,38
3277,224891,189,84,105
3278,224961,628,304,324
3279,225070,869,344,525
3280,225201,308,238,70
3281,225247,515,237,278
3282,225308,1582,850,732
3283,225371,618,270,348
3284,225399,842,255,587
3285,225414,2417,843,1574
3286,225423,6729,2707,4022
3287,225432,3602,1305,2297
3288,225502,986,335,651
3289,225511,10288,4834,5454
3290,225520,690,234,456
3291,225548,214,110,104
3292,225575,214,71,143
3293,225627,2404,1037,1367
3294,225779,11,7,4
3295,225788,26,8,18
3296,225876,95,43,52
3297,225885,92,40,52
3298,225991,56,33,23
3299,226019,1145,518,627
3300,226091,4688,1484,3204
3301,226107,609,211,398
3302,226116,341,142,199
3303,226125,71,5,66
3304,226134,1668,767,901
3305,226152,1500,547,953
3306,226204,1946,1279,667
3307,226231,563,262,301
3308,226277,495,479,16
3309,226383,471,162,309
3310,226408,795,318,477
3311,226471,819,248,571
3312,226578,1569,476,1093
3313,226587,150,67,83
3314,226675,166,18,148
3315,226806,559,225,334
3316,226833,1474,521,953
3317,226860,25,2,23
3318,226879,47,4,43
3319,226903,433,274,159
3320,226930,1489,674,815
3321,227058,72,1,71
3322,227146,1444,576,868
3323,227155,13,1,12
3324,227182,9120,3510,5610
3325,227191,1661,805,856
3326,227216,9772,4178,5594
3327,227225,652,198,454
3328,227289,23,15,8
3329,227298,146,136,10
3330,227304,1145,387,758
3331,227313,178,6,172
3332,227322,200,5,195
3333,227331,916,209,707
3334,227368,5783,2202,3581
3335,227377,745,364,381
3336,227386,666,216,450
3337,227401,934,489,445
3338,227429,62,27,35
3339,227526,1536,561,975
3340,227687,372,155,217
3341,227748,135,123,12
3342,227757,2086,1226,860
3343,227766,2308,984,1324
3344,227845,1159,438,721
3345,227854,1639,778,861
3346,227863,807,239,568
3347,227881,5160,1844,3316
3348,227924,3194,1230,1964
3349,227979,5869,2435,3434
3350,228042,344,125,219
3351,228088,9,1,8
3352,228149,865,392,473
3353,228158,1173,561,612
3354,228185,23,17,6
3355,228194,265,151,114
3356,228200,344,150,194
3357,228219,333,60,273
3358,228246,3678,1935,1743
3359,228282,39,3,36
3360,228316,1179,522,657
3361,228325,421,188,233
3362,228343,330,131,199
3363,228431,2830,885,1945
3364,228459,8791,3489,5302
3365,228468,130,45,85
3366,228486,27,11,16
3367,228501,579,227,352
3368,228529,3090,1213,1877
3369,228547,7160,2943,4217
3370,228608,753,237,516
3371,228635,613,281,332
3372,228644,1350,615,735
3373,228653,1266,326,940
3374,228699,815,341,474
3375,228705,1788,948,840
3376,228723,17645,8826,8819
3377,228769,13269,4518,8751
3378,228778,13830,6594,7236
3379,228787,7890,4312,3578
3380,228796,5158,2195,2963
3381,228802,2970,1166,1804
3382,228866,49,22,27
3383,228875,2827,1090,1737
3384,228884,111,59,52
3385,228909,792,353,439
3386,228981,277,121,156
3387,229018,1257,472,785
3388,229027,6882,3212,3670
3389,229063,1721,792,929
3390,229115,8255,4155,4100
3391,229160,583,216,367
3392,229179,3755,367,3388
3393,229267,604,270,334
3394,229300,1783,482,1301
3395,229337,2382,554,1828
3396,229355,2414,875,1539
3397,229416,678,654,24
3398,229425,102,2,100
3399,229504,754,260,494
3400,229522,13,0,13
3401,229540,600,240,360
3402,229656,172,5,167
3403,229780,1354,651,703
3404,229799,965,312,653
3405,229814,2562,1027,1535
3406,229832,346,222,124
3407,229841,1003,435,568
3408,229887,189,54,135
3409,229957,14,1,13
3410,230010,780,386,394
3411,230038,7958,4061,3897
3412,230047,692,264,428
3413,230056,11,0,11
3414,230065,128,1,127
3415,230144,11,0,11
3416,230162,1459,551,908
3417,230171,1947,726,1221
3418,230199,29,2,27
3419,230205,21,2,19
3420,230214,113,26,87
3421,230366,60,7,53
3422,230418,491,240,251
3423,230490,946,370,576
3424,230597,1142,435,707
3425,230603,2610,1098,1512
3426,230621,44,11,33
3427,230630,31,15,16
3428,230676,519,319,200
3429,230728,6406,2781,3625
3430,230737,5894,3073,2821
3431,230746,3973,1881,2092
3432,230764,7926,4093,3833
3433,230782,5129,2068,3061
3434,230807,751,288,463
3435,230816,185,65,120
3436,230834,400,173,227
3437,230852,1493,793,700
3438,230861,491,134,357
3439,230889,167,47,120
3440,230913,484,195,289
3441,230940,27,14,13
3442,230959,854,351,503
3443,230977,61,30,31
3444,230995,1213,901,312
3445,231004,46,2,44
3446,231059,496,201,295
3447,231068,114,38,76
3448,231095,30,14,16
3449,231147,206,86,120
3450,231165,605,234,371
3451,231174,3479,1464,2015
3452,231280,35,3,32
3453,231411,285,263,22
3454,231420,170,88,82
3455,231536,714,297,417
3456,231554,380,144,236
3457,231581,393,175,218
3458,231624,2708,1223,1485
3459,231651,2191,790,1401
3460,231688,19,2,17
3461,231697,827,384,443
3462,231712,1160,474,686
3463,231721,5,1,4
3464,231785,363,54,309
3465,231837,414,77,337
3466,231873,200,70,130
3467,231882,606,276,330
3468,231970,488,192,296
3469,232016,80,17,63
3470,232025,234,100,134
3471,232043,479,137,342
3472,232052,113,42,71
3473,232089,209,107,102
3474,232186,9479,4001,5478
3475,232195,1126,394,732
3476,232256,206,206,0
3477,232265,882,257,625
3478,232308,224,17,207
3479,232414,1254,479,775
3480,232423,5214,1965,3249
3481,232450,1198,525,673
3482,232557,19834,7964,11870
3483,232566,1105,313,792
3484,232575,1430,474,956
3485,232609,871,332,539
3486,232618,150,12,138
3487,232672,430,48,382
3488,232681,1203,415,788
3489,232706,939,260,679
3490,232724,11,3,8
3491,232788,536,179,357
3492,232797,411,57,354
3493,232867,560,286,274
3494,232885,185,17,168
3495,232919,405,376,29
3496,232937,802,242,560
3497,232946,6747,3239,3508
3498,232982,5229,2100,3129
3499,233019,569,218,351
3500,233037,221,62,159
3501,233082,74,5,69
3502,233116,911,342,569
3503,233277,2208,848,1360
3504,233286,60,14,46
3505,233295,332,151,181
3506,233301,126,32,94
3507,233310,638,220,418
3508,233329,111,17,94
3509,233338,245,84,161
3510,233356,148,14,134
3511,233374,1124,495,629
3512,233408,167,16,151
3513,233426,439,181,258
3514,233480,13,2,11
3515,233541,1109,387,722
3516,233602,19,14,5
3517,233611,149,68,81
3518,233639,929,360,569
3519,233648,401,140,261
3520,233666,14,1,13
3521,233684,1573,659,914
3522,233718,26,0,26
3523,233754,1190,481,709
3524,233772,3672,1567,2105
3525,233842,33,11,22
3526,233897,258,130,128
3527,233903,396,156,240
3528,233921,8872,4962,3910
3529,233949,1061,472,589
3530,234030,7281,2830,4451
3531,234076,7229,3451,3778
3532,234085,351,308,43
3533,234119,10,3,7
3534,234137,60,40,20
3535,234155,819,342,477
3536,234164,257,111,146
3537,234173,278,86,192
3538,234207,544,288,256
3539,234377,476,176,300
3540,234669,2654,1057,1597
3541,234696,747,413,334
3542,234711,663,260,403
3543,234827,2741,1181,1560
3544,234845,811,376,435
3545,234915,673,283,390
3546,234924,153,31,122
3547,234933,2079,795,1284
3548,234951,1326,653,673
3549,234979,1353,498,855
3550,235024,145,50,95
3551,235088,250,242,8
3552,235097,2837,1165,1672
3553,235103,1909,985,924
3554,235149,1668,674,994
3555,235158,98,14,84
3556,235167,998,389,609
3557,235237,1303,493,810
3558,235307,93,2,91
3559,235316,2200,944,1256
3560,235334,561,306,255
3561,235343,2202,1166,1036
3562,235352,19,3,16
3563,235422,344,99,245
3564,235431,1442,513,929
3565,235501,481,217,264
3566,235547,384,59,325
3567,235583,81,3,78
3568,235671,777,470,307
3569,235699,888,324,564
3570,235750,649,181,468
3571,236018,67,11,56
3572,236072,1165,562,603
3573,236133,416,133,283
3574,236188,1893,895,998
3575,236212,444,345,99
3576,236230,847,294,553
3577,236258,763,362,401
3578,236328,662,241,421
3579,236382,833,377,456
3580,236452,490,266,224
3581,236504,698,373,325
3582,236513,1356,556,800
3583,236577,1153,319,834
3584,236595,2325,854,1471
3585,236610,1502,664,838
3586,236638,1013,338,675
3587,236656,1150,458,692
3588,236692,1410,694,716
3589,236708,1198,472,726
3590,236744,29,1,28
3591,236753,1588,543,1045
3592,236887,1109,570,539
3593,236896,449,182,267
3594,236939,7312,3333,3979
3595,236948,13533,6189,7344
3596,236975,931,327,604
3597,237011,3834,1590,2244
3598,237039,1144,457,687
3599,237057,337,131,206
3600,237066,704,249,455
3601,237109,1281,347,934
3602,237118,197,87,110
3603,237127,27,0,27
3604,237136,70,45,25
3605,237145,18,2,16
3606,237172,36,33,3
3607,237181,125,73,52
3608,237215,270,95,175
3609,237242,48,29,19
3610,237303,56,13,43
3611,237312,737,460,277
3612,237321,26,3,23
3613,237330,475,142,333
3614,237358,152,43,109
3615,237367,802,279,523
3616,237385,283,145,138
3617,237437,105,19,86
3618,237473,123,79,44
3619,237491,26,5,21
3620,237525,2953,1172,1781
3621,237543,51,18,33
3622,237552,31,7,24
3623,237561,51,16,35
3624,237570,57,4,53
3625,237598,11,2,9
3626,237640,92,43,49
3627,237686,549,199,350
3628,237701,228,96,132
3629,237729,120,34,86
3630,237783,431,195,236
3631,237792,701,283,418
3632,237817,258,78,180
3633,237844,108,78,30
3634,237880,207,107,100
3635,237899,381,182,199
3636,237905,35,5,30
3637,237932,529,180,349
3638,237950,158,97,61
3639,237969,285,114,171
3640,237987,54,9,45
3641,237996,267,43,224
3642,238005,55,3,52
3643,238014,293,81,212
3644,238032,6342,3161,3181
3645,238078,287,115,172
3646,238096,20,0,20
3647,238175,81,0,81
3648,238193,490,18,472
3649,238263,3932,1605,2327
3650,238324,154,28,126
3651,238333,322,150,172
3652,238397,685,227,458
3653,238430,623,205,418
3654,238458,884,283,601
3655,238476,656,278,378
3656,238573,64,11,53
3657,238616,1467,481,986
3658,238661,615,163,452
3659,238722,3097,1625,1472
3660,238759,2321,820,1501
3661,238810,34,3,31
3662,238980,597,237,360
3663,239008,889,358,531
3664,239017,356,152,204
3665,239071,206,94,112
3666,239080,545,134,411
3667,239105,2851,1194,1657
3668,239169,327,183,144
3669,239220,734,287,447
3670,239248,3332,1370,1962
3671,239309,128,45,83
3672,239318,646,436,210
3673,239372,1294,471,823
3674,239390,396,14,382
3675,239424,15,15,0
3676,239442,473,146,327
3677,239460,1751,677,1074
3678,239488,3266,1047,2219
3679,239512,110,49,61
3680,239628,157,81,76
3681,239637,24,15,9
3682,239716,550,232,318
3683,239743,106,27,79
3684,239877,37,3,34
3685,239910,741,269,472
3686,240107,830,198,632
3687,240116,2230,1046,1184
3688,240125,1799,785,1014
3689,240170,1491,648,843
3690,240189,2969,1378,1591
3691,240198,1506,537,969
3692,240213,28,4,24
3693,240268,2380,917,1463
3694,240277,1493,499,994
3695,240329,2399,972,1427
3696,240338,279,113,166
3697,240365,2803,1100,1703
3698,240374,769,371,398
3699,240392,732,148,584
3700,240417,1997,960,1037
3701,240426,545,205,340
3702,240444,11179,5482,5697
3703,240453,5092,2365,2727
3704,240462,1882,1169,713
3705,240471,1363,524,839
3706,240480,2042,913,1129
3707,240505,638,257,381
3708,240514,282,104,178
3709,240596,202,98,104
3710,240620,686,252,434
3711,240657,316,140,176
3712,240666,672,290,382
3713,240693,390,137,253
3714,240709,27,3,24
3715,240718,36,31,5
3716,240727,2922,1320,1602
3717,240736,183,35,148
3718,240745,291,119,172
3719,240754,633,230,403
3720,240790,260,103,157
3721,240879,140,50,90
3722,240985,63,20,43
3723,241100,75,30,45
3724,241128,126,51,75
3725,241146,203,46,157
3726,241182,168,46,122
3727,241191,262,89,173
3728,241216,293,196,97
3729,241225,255,79,176
3730,241304,423,136,287
3731,241331,353,58,295
3732,241377,231,72,159
3733,241386,81,13,68
3734,241395,162,53,109
3735,241410,1161,415,746
3736,241517,178,30,148
3737,241614,26,14,12
3738,241720,285,96,189
3739,241739,2463,816,1647
3740,241766,75,53,22
3741,241793,69,29,40
3742,241836,278,105,173
3743,241906,203,43,160
3744,241951,51,12,39
3745,242042,162,86,76
3746,242112,335,160,175
3747,242121,127,51,76
3748,242130,173,70,103
3749,242149,241,79,162
3750,242413,39,34,5
3751,242422,4966,2128,2838
3752,242556,134,78,56
3753,242565,121,70,51
3754,242583,115,71,44
3755,242617,806,339,467
3756,242626,680,255,425
3757,242635,622,196,426
3758,242644,387,128,259
3759,242653,1415,514,901
3760,242662,795,276,519
3761,242680,268,104,164
3762,242699,283,88,195
3763,242705,585,295,290
3764,242723,187,72,115
3765,242750,33,9,24
3766,242820,434,332,102
3767,242945,275,79,196
3768,242954,121,31,90
3769,242972,3290,855,2435
3770,243081,237,93,144
3771,243106,463,235,228
3772,243115,668,225,443
3773,243133,501,216,285
3774,243142,590,217,373
3775,243151,552,196,356
3776,243179,586,196,390
3777,243188,157,67,90
3778,243197,1774,877,897
3779,243203,813,253,560
3780,243212,458,170,288
3781,243221,2521,1002,1519
3782,243346,1994,742,1252
3783,243443,1007,361,646
3784,243498,46,24,22
3785,243568,114,47,67
3786,243577,564,403,161
3787,243586,252,92,160
3788,243601,3205,1155,2050
3789,243638,440,181,259
3790,243647,105,44,61
3791,243665,263,79,184
3792,243744,4891,2690,2201
3793,243780,10385,5768,4617
3794,243799,38,7,31
3795,243823,443,202,241
3796,243832,635,208,427
3797,243841,273,72,201
3798,244233,120,32,88
3799,244279,131,5,126
3800,244437,2236,711,1525
3801,244446,558,235,323
3802,244613,85,85,0
3803,245069,12,4,8
3804,245281,27,20,7
3805,245421,22,0,22
3806,245430,35,1,34
3807,245625,229,85,144
3808,245652,109,61,48
3809,245777,5,5,0
3810,245838,297,97,200
3811,245847,158,36,122
3812,245865,315,61,254
3813,245883,211,39,172
3814,245892,89,26,63
3815,245953,548,204,344
3816,245962,160,29,131
3817,245980,14,1,13
3818,245999,900,379,521
3819,246017,665,414,251
3820,246035,172,22,150
3821,246071,57,3,54
3822,246345,23,12,11
3823,246354,1357,498,859
3824,246406,12,2,10
3825,246415,23,3,20
3826,246789,10,6,4
3827,246813,1511,672,839
3828,246895,622,224,398
3829,247010,17,0,17
3830,247047,64,1,63
3831,247065,196,13,183
3832,247153,232,55,177
3833,247162,17,10,7
3834,247409,82,7,75
3835,247603,409,183,226
3836,247649,105,73,32
3837,247773,5,5,0
3838,247825,5,4,1
3839,247834,3528,1461,2067
3840,247940,810,317,493
3841,248192,18,0,18
3842,248305,36,2,34
3843,248527,25,0,25
3844,248606,544,261,283
3845,248624,53,2,51
3846,248633,37,4,33
3847,248660,79,13,66
3848,248703,116,5,111
3849,248925,639,279,360
3850,248934,4214,1618,2596
3851,249140,126,6,120
3852,249238,201,12,189
3853,249566,266,250,16
3854,249609,118,83,35
3855,250027,143,36,107
3856,250285,77,74,3
3857,250744,281,23,258
3858,250902,64,2,62
3859,250993,190,68,122
3860,251260,1428,680,748
3861,251312,285,78,207
3862,260336,19,0,19
3863,260363,14,2,12
3864,260372,38,5,33
3865,260664,121,104,17
3866,260691,654,140,514
3867,260789,374,83,291
3868,260813,66,6,60
3869,260929,108,3,105
3870,260965,35,1,34
3871,260992,262,22,240
3872,261436,673,16,657
3873,261676,60,4,56
3874,261685,66,5,61
3875,261719,89,6,83
3876,261773,28,5,23
3877,261861,55,2,53
3878,262022,41,20,21
3879,262031,866,370,496
3880,262086,2299,780,1519
3881,262129,229,87,142
3882,262165,19,11,8
3883,262341,353,314,39
3884,262369,61,1,60
3885,262402,144,139,5
3886,262466,48,16,32
3887,362700,249,19,230
3888,362782,171,8,163
3889,363013,53,2,51
3890,363077,89,22,67
3891,363147,108,0,108
3892,363165,607,295,312
3893,363439,55,12,43
3894,363633,127,55,72
3895,363679,163,9,154
3896,363712,4,4,0
3897,363721,65,24,41
3898,363882,38,0,38
3899,363907,130,50,80
3900,363916,54,12,42
3901,363934,130,112,18
3902,364016,1125,544,581
3903,364025,1593,785,808
3904,364548,212,122,90
3905,364575,26,1,25
3906,364627,180,54,126
3907,364636,74,20,54
3908,364751,116,3,113
3909,364760,38,5,33
3910,364946,171,57,114
3911,364964,43,3,40
3912,365091,79,5,74
3913,365125,137,3,134
3914,365198,435,241,194
3915,365204,2045,593,1452
3916,365213,235,90,145
3917,365240,48,42,6
3918,365374,556,278,278
3919,365383,81,4,77
3920,365480,383,231,152
3921,365505,20,2,18
3922,365693,100,4,96
3923,365763,23,8,15
3924,365824,131,4,127
3925,365833,147,8,139
3926,366003,31,15,16
3927,366155,4,2,2
3928,366191,504,486,18
3929,366252,1478,934,544
3930,366261,126,57,69
3931,366270,129,6,123
3932,366289,180,99,81
3933,366340,28,7,21
3934,366368,70,27,43
3935,366395,3598,1638,1960
3936,366401,814,345,469
3937,366438,31,1,30
3938,366465,1036,367,669
3939,366535,139,33,106
3940,366553,462,67,395
3941,366571,11,0,11
3942,366605,13,3,10
3943,366623,132,58,74
3944,366632,15,1,14
3945,366711,4007,1333,2674
3946,367051,45,2,43
3947,367088,48,3,45
3948,367103,25,18,7
3949,367112,143,18,125
3950,367158,73,1,72
3951,367334,217,205,12
3952,367361,7,1,6
3953,367431,18,1,17
3954,367459,949,321,628
3955,367875,195,27,168
3956,367884,377,146,231
3957,367954,878,279,599
3958,367972,114,4,110
3959,367981,34,0,34
3960,368036,19,1,18
3961,368230,67,6,61
3962,368364,102,67,35
3963,368407,27,3,24
3964,368443,242,55,187
3965,368452,43,16,27
3966,368540,19,0,19
3967,368629,386,72,314
3968,368647,19,0,19
3969,368771,120,40,80
3970,368780,108,25,83
3971,368832,31,7,24
3972,368911,617,249,368
3973,369002,50,22,28
3974,369109,49,9,40
3975,369400,1092,1051,41
3976,369419,774,417,357
3977,369446,37,1,36
3978,369455,74,26,48
3979,369516,121,37,84
3980,369659,63,13,50
3981,369668,170,95,75
3982,369686,136,3,133
3983,369695,107,10,97
3984,369783,397,24,373
3985,369950,213,196,17
3986,371034,10,7,3
3987,371052,189,36,153
3988,371690,520,76,444
3989,371830,31,27,4
3990,371928,93,38,55
3991,371964,300,154,146
3992,372028,100,13,87
3993,372073,103,28,75
3994,372082,72,18,54
3995,372240,10,0,10
3996,372329,390,21,369
3997,372356,20,1,19
3998,372462,75,9,66
3999,372718,190,34,156
4000,372921,350,121,229
4001,372958,73,16,57
4002,373085,44,0,44
4003,373216,54,1,53
4004,373456,6,0,6
4005,373526,142,113,29
4006,373678,137,54,83
4007,373696,88,30,58
4008,373711,65,5,60
4009,373784,427,288,139
4010,374024,109,19,90
4011,374316,28,21,7
4012,374343,26,2,24
4013,374574,302,65,237
4014,374592,47,9,38
4015,374990,24,2,22
4016,375106,140,128,12
4017,375230,17,17,0
4018,375373,291,81,210
4019,375407,130,31,99
4020,375416,318,92,226
4021,375540,102,1,101
4022,375568,74,5,69
4023,375656,36,18,18
4024,375683,404,220,184
4025,375726,1065,614,451
4026,375939,66,15,51
4027,375966,67,8,59
4028,375984,117,14,103
4029,376224,126,26,100
4030,376242,19,17,2
4031,376288,37,4,33
4032,376321,584,140,444
4033,376330,115,16,99
4034,376385,236,82,154
4035,376446,55,1,54
4036,376631,12,4,8
4037,376677,73,21,52
4038,376695,182,96,86
4039,377111,274,82,192
4040,377193,20,0,20
4041,377218,175,173,2
4042,377272,6,0,6
4043,377281,28,2,26
4044,377315,55,2,53
4045,377342,241,45,196
4046,377449,103,16,87
4047,377458,134,5,129
4048,377485,12,0,12
4049,377546,14,2,12
4050,377555,2031,957,1074
4051,377564,1863,859,1004
4052,377643,45,3,42
4053,377652,75,6,69
4054,377661,305,59,246
4055,377670,26,3,23
4056,377722,295,36,259
4057,377759,42,42,0
4058,378105,204,17,187
4059,378576,548,142,406
4060,378886,69,22,47
4061,378956,278,265,13
4062,379621,33,5,28
4063,379746,148,7,141
4064,379782,173,20,153
4065,380067,32,1,31
4066,380359,105,30,75
4067,380368,224,96,128
4068,380377,125,33,92
4069,380438,128,28,100
4070,380456,53,5,48
4071,380465,102,44,58
4072,381255,66,51,15
4073,381282,81,34,47
4074,381325,99,28,71
4075,381352,25,3,22
4076,381361,33,9,24
4077,381370,220,1,219
4078,381404,180,8,172
4079,381459,50,32,18
4080,381486,5,0,5
4081,381699,26,0,26
4082,381732,81,16,65
4083,382258,128,40,88
4084,382267,61,10,51
4085,382416,65,7,58
4086,382461,25,0,25
4087,382780,73,0,73
4088,382902,54,0,54
4089,382911,14,10,4
4090,382957,202,90,112
4091,383020,17,0,17
4092,383084,541,145,396
4093,383163,321,9,312
4094,383190,470,212,258
4095,383279,84,20,64
4096,383297,110,3,107
4097,383312,81,25,56
4098,383330,66,18,48
4099,383367,196,45,151
4100,383464,48,7,41
4101,383525,110,7,103
4102,383765,79,2,77
4103,383792,44,1,43
4104,383950,104,7,97
4105,383996,78,28,50
4106,384236,262,115,147
4107,384245,489,175,314
4108,384254,84,43,41
4109,384306,23,5,18
4110,384333,1087,419,668
4111,384342,1054,422,632
4112,384412,98,59,39
4113,384421,3,3,0
4114,385132,84,4,80
4115,385415,215,108,107
4116,385503,112,8,104
4117,385549,13,2,11
4118,385619,493,249,244
4119,386153,251,0,251
4120,386472,231,37,194
4121,387925,52,10,42
4122,388520,68,34,34
4123,388663,71,1,70
4124,389860,162,84,78
4125,390905,201,101,100
4126,391005,43,1,42
4127,391546,129,1,128
4128,391759,10,0,10
4129,392257,741,68,673
4130,392354,10,4,6
4131,392415,211,46,165
4132,392840,45,19,26
4133,393524,88,11,77
4134,393649,561,201,360
4135,393861,712,137,575
4136,395362,178,43,135
4137,395690,333,165,168
4138,397942,624,251,373
4139,399212,2667,1664,1003
4140,399869,410,390,20
4141,399911,126,41,85
4142,400080,918,593,325
4143,400187,605,91,514
4144,400558,66,30,36
4145,401223,82,30,52
4146,401250,30,11,19
4147,401481,16,1,15
4148,401764,130,6,124
4149,402563,114,4,110
4150,402776,10,5,5
4151,402800,97,1,96
4152,403469,181,57,124
4153,403478,177,88,89
4154,403487,233,121,112
4155,404037,31,3,28
4156,404055,183,24,159
4157,404222,43,15,28
4158,404338,26,13,13
4159,404426,509,190,319
4160,404684,183,53,130
4161,404718,52,0,52
4162,404806,109,33,76
4163,404912,599,82,517
4164,404994,1116,416,700
4165,405012,32,0,32
4166,405076,293,96,197
4167,405854,68,68,0
4168,405872,507,183,324
4169,405997,67,24,43
4170,406024,511,63,448
4171,406033,733,97,636
4172,406149,74,21,53
4173,406325,123,9,114
4174,406361,14,1,13
4175,406413,33,7,26
4176,406422,66,3,63
4177,406486,50,7,43
4178,406547,67,13,54
4179,407009,1138,454,684
4180,407090,212,3,209
4181,407142,47,2,45
4182,407151,42,2,40
4183,407179,41,3,38
4184,407355,132,4,128
4185,407391,68,9,59
4186,407407,64,12,52
4187,407425,72,8,64
4188,407434,34,1,33
4189,407461,86,48,38
4190,407470,63,1,62
4191,407489,102,64,38
4192,407513,226,89,137
4193,407522,103,32,71
4194,407568,59,4,55
4195,407577,121,47,74
4196,407595,68,31,37
4197,407610,5,4,1
4198,407629,1277,643,634
4199,407683,112,11,101
4200,407708,98,5,93
4201,407735,15,0,15
4202,407832,236,126,110
4203,408066,78,23,55
4204,408163,17,0,17
4205,408385,479,206,273
4206,408729,64,5,59
4207,408844,819,191,628
4208,408862,111,7,104
4209,409032,69,1,68
4210,409120,87,22,65
4211,409193,176,170,6
4212,409254,100,7,93
4213,409315,6269,2704,3565
4214,409537,45,20,25
4215,409591,130,35,95
4216,409616,136,71,65
4217,409698,2227,796,1431
4218,410797,182,121,61
4219,410964,36,0,36
4220,411684,60,22,38
4221,411754,18,8,10
4222,412173,133,7,126
4223,412535,32,9,23
4224,412544,100,22,78
4225,412599,254,59,195
4226,413176,30,13,17
4227,413413,10226,2145,8081
4228,413617,45,13,32
4229,413626,61,22,39
4230,413680,213,196,17
4231,413778,109,3,106
4232,413802,233,89,144
4233,413820,5,0,5
4234,413893,454,101,353
4235,413945,51,1,50
4236,413972,20,1,19
4237,414063,116,5,111
4238,414124,266,190,76
4239,414461,1071,1011,60
4240,414489,61,2,59
4241,414540,276,12,264
4242,414595,164,50,114
4243,414823,375,133,242
4244,414869,156,17,139
4245,414878,271,129,142
4246,414911,301,120,181
4247,414939,186,26,160
4248,414966,22,6,16
4249,415039,41,1,40
4250,415057,60,58,2
4251,415987,266,26,240
4252,416458,93,22,71
4253,416801,173,49,124
4254,417008,77,4,73
4255,417062,41,4,37
4256,417105,218,150,68
4257,417123,123,47,76
4258,417248,7,6,1
4259,417275,7,6,1
4260,417327,76,10,66
4261,417381,39,3,36
4262,417442,84,3,81
4263,417503,131,2,129
4264,417549,43,0,43
4265,417600,20,3,17
4266,417628,50,4,46
4267,417637,57,20,37
4268,417646,16,0,16
4269,417655,27,3,24
4270,417682,13,1,12
4271,417716,91,6,85
4272,417725,24,0,24
4273,417734,55,13,42
4274,417752,7,5,2
4275,417831,64,50,14
4276,417840,191,9,182
4277,417868,42,18,24
4278,417886,25,0,25
4279,417910,133,13,120
4280,417983,20,0,20
4281,417992,56,3,53
4282,418001,114,8,106
4283,418010,37,2,35
4284,418029,9,0,9
4285,418038,146,7,139
4286,418056,37,6,31
4287,418065,138,24,114
4288,418083,42,5,37
4289,418126,156,30,126
4290,418171,37,36,1
4291,418199,23,22,1
4292,418205,334,133,201
4293,418223,90,5,85
4294,418250,276,152,124
4295,418269,142,80,62
4296,418278,148,50,98
4297,418296,1304,744,560
4298,418302,171,87,84
4299,418320,362,194,168
4300,418339,141,82,59
4301,418348,181,109,72
4302,418357,48,10,38
4303,418409,128,80,48
4304,418427,35,1,34
4305,418445,16,0,16
4306,418454,147,81,66
4307,418481,34,1,33
4308,418515,73,8,65
4309,418524,45,2,43
4310,418533,197,54,143
4311,418542,85,11,74
4312,418560,55,14,41
4313,418588,31,0,31
4314,418603,18,1,17
4315,418658,162,132,30
4316,418764,22,2,20
4317,418773,433,170,263
4318,418782,157,154,3
4319,418889,146,140,6
4320,418913,5,3,2
4321,418968,123,1,122
4322,419031,24,4,20
4323,419095,22,2,20
4324,419183,84,9,75
4325,419217,71,21,50
4326,419226,437,214,223
4327,419235,55,15,40
4328,419244,59,51,8
4329,419253,125,93,32
4330,419280,12,0,12
4331,419332,6,5,1
4332,419341,19,11,8
4333,419420,77,38,39
4334,419484,16,1,15
4335,419633,28,0,28
4336,419703,345,318,27
4337,419712,135,123,12
4338,419721,245,228,17
4339,420024,162,20,142
4340,420042,167,116,51
4341,420130,134,5,129
4342,420246,71,12,59
4343,420255,39,39,0
4344,420325,14,14,0
4345,420343,456,447,9
4346,420370,213,63,150
4347,420398,2729,1199,1530
4348,420431,729,369,360
4349,420440,208,70,138
4350,420459,111,57,54
4351,420468,157,45,112
4352,420538,520,241,279
4353,420556,157,46,111
4354,420574,1316,861,455
4355,420608,38,7,31
4356,420705,22,15,7
4357,420723,80,34,46
4358,420981,207,33,174
4359,421513,51,4,47
4360,421610,125,1,124
4361,421665,9,0,9
4362,421708,347,47,300
4363,421717,22,5,17
4364,421771,19,1,18
4365,421832,117,29,88
4366,421841,108,54,54
4367,421878,83,6,77
4368,421896,208,80,128
4369,422190,20,1,19
4370,422695,99,16,83
4371,422835,181,34,147
4372,423120,136,9,127
4373,423397,77,75,2
4374,423412,8,8,0
4375,423643,1166,513,653
4376,423652,72,11,61
4377,425250,62,8,54
4378,425986,97,12,85
4379,426314,3313,2806,507
4380,427308,58,5,53
4381,427335,20,0,20
4382,427894,84,80,4
4383,427973,90,81,9
4384,427982,72,40,32
4385,427991,324,159,165
4386,428000,63,20,43
4387,428019,146,69,77
4388,428055,121,43,78
4389,428125,38,23,15
4390,428143,152,17,135
4391,428170,325,48,277
4392,428259,92,29,63
4393,428392,310,132,178
4394,429012,151,136,15
4395,429085,37,11,26
4396,429094,57,12,45
4397,429128,99,7,92
4398,430184,723,246,477
4399,430218,46,6,40
4400,430227,61,3,58
4401,430245,328,42,286
4402,430306,32,2,30
4403,430403,126,6,120
4404,430485,24,5,19
4405,430564,91,19,72
4406,430582,349,130,219
4407,430670,83,38,45
4408,430704,41,15,26
4409,430795,79,38,41
4410,430883,18,1,17
4411,430908,52,8,44
4412,430935,178,118,60
4413,430971,56,12,44
4414,431017,129,60,69
4415,431071,33,8,25
4416,431099,124,3,121
4417,431105,62,5,57
4418,431123,293,286,7
4419,431141,751,266,485
4420,431169,98,32,66
4421,431187,56,56,0
4422,431196,81,4,77
4423,431266,33,0,33
4424,431275,38,1,37
4425,431284,65,2,63
4426,431558,228,53,175
4427,431600,39,5,34
4428,431716,244,108,136
4429,431929,66,11,55
4430,431983,19,19,0
4431,432074,61,22,39
4432,432117,87,0,87
4433,432223,37,18,19
4434,432269,41,28,13
4435,432348,83,42,41
4436,432384,305,78,227
4437,432524,25,5,20
4438,433004,74,12,62
4439,433013,164,67,97
4440,433040,28,3,25
4441,433068,160,101,59
4442,433101,369,34,335
4443,433138,83,25,58
4444,433165,5,0,5
4445,433174,165,17,148
4446,433387,34132,9996,24136
4447,433420,100,30,70
4448,433536,133,23,110
4449,433660,3601,1369,2232
4450,433970,47,5,42
4451,434016,13,5,8
4452,434061,1456,857,599
4453,434140,576,102,474
4454,434159,172,115,57
4455,434274,46,8,38
4456,434283,28,0,28
4457,434292,2,0,2
4458,434308,88,14,74
4459,434344,175,7,168
4460,434362,36,35,1
4461,434432,11,4,7
4462,434441,27,8,19
4463,434469,92,18,74
4464,434496,34,0,34
4465,434520,133,22,111
4466,434539,59,15,44
4467,434584,97,28,69
4468,434672,2800,1166,1634
4469,434715,66,22,44
4470,434751,14,2,12
4471,434821,499,28,471
4472,434830,149,3,146
4473,434900,109,22,87
4474,434937,5,5,0
4475,435000,258,89,169
4476,436021,56,12,44
4477,436030,67,22,45
4478,436100,18,1,17
4479,436261,17,2,15
4480,436304,718,379,339
4481,436429,1011,784,227
4482,436553,162,28,134
4483,436599,31,14,17
4484,436614,12,4,8
4485,436632,110,9,101
4486,436641,86,18,68
4487,436650,135,6,129
4488,436775,103,4,99
4489,437097,788,513,275
4490,437103,1632,716,916
4491,437237,56,51,5
4492,437316,180,26,154
4493,437325,133,21,112
4494,437556,471,140,331
4495,437608,54,32,22
4496,437635,286,25,261
4497,437705,9,0,9
4498,437723,83,31,52
4499,437732,111,16,95
4500,437750,50,43,7
4501,437769,79,5,74
4502,437778,117,18,99
4503,437857,75,3,72
4504,438151,107,48,59
4505,438179,138,31,107
4506,438221,110,19,91
4507,438285,101,13,88
4508,438337,224,57,167
4509,438498,715,247,468
4510,438504,728,704,24
4511,438586,610,197,413
4512,438674,27,2,25
4513,438708,66,17,49
4514,438735,61,58,3
4515,438869,11,2,9
4516,438984,38,14,24
4517,439020,19,7,12
4518,439118,241,24,217
4519,439145,704,247,457
4520,439190,657,305,352
4521,439288,338,127,211
4522,439367,308,78,230
4523,439394,31,8,23
4524,439446,54,17,37
4525,439455,115,4,111
4526,439473,70,14,56
4527,439491,160,22,138
4528,439507,84,10,74
4529,439570,393,29,364
4530,439613,34,19,15
4531,439622,313,66,247
4532,439668,204,190,14
4533,439686,115,7,108
4534,439701,132,63,69
4535,439738,124,33,91
4536,439747,397,102,295
4537,439774,35,10,25
4538,439783,58,22,36
4539,439792,187,19,168
4540,439817,22,13,9
4541,439844,41,0,41
4542,439862,13,7,6
4543,439871,37,3,34
4544,439899,11,4,7
4545,439914,13,4,9
4546,439932,24,2,22
4547,439969,84,22,62
4548,439996,76,25,51
4549,440004,22,6,16
4550,440031,314,132,182
4551,440059,285,266,19
4552,440101,60,4,56
4553,440217,18,0,18
4554,440226,42,2,40
4555,440262,187,180,7
4556,440271,15,12,3
4557,440396,33,15,18
4558,440402,801,467,334
4559,440411,28,11,17
4560,440651,292,69,223
4561,440730,469,197,272
4562,440749,27,14,13
4563,440758,13,1,12
4564,440776,6,1,5
4565,440794,99,32,67
4566,440819,28,13,15
4567,440855,49,3,46
4568,440916,159,60,99
4569,440989,187,156,31
4570,441025,254,98,156
4571,441052,626,149,477
4572,441070,16,6,10
4573,441104,68,13,55
4574,441131,57,15,42
4575,441168,13,0,13
4576,441210,525,204,321
4577,441229,471,207,264
4578,441238,11,6,5
4579,441256,65,1,64
4580,441362,119,12,107
4581,441371,6779,358,6421
4582,441380,149,96,53
4583,441414,166,37,129
4584,441423,215,70,145
4585,441487,42,3,39
4586,441496,41,38,3
4587,441502,168,13,155
4588,441511,154,51,103
4589,441548,47,8,39
4590,441575,225,29,196
4591,441593,18,0,18
4592,441609,23,23,0
4593,441618,14,0,14
4594,441636,176,30,146
4595,441645,100,2,98
4596,441663,238,21,217
4597,441672,52,4,48
4598,441690,38,17,21
4599,441706,23,10,13
4600,441742,481,49,432
4601,441760,664,421,243
4602,441788,151,143,8
4603,441830,71,14,57
4604,441858,186,18,168
4605,441876,95,4,91
4606,441900,597,153,444
4607,441937,2050,731,1319
4608,441982,78,35,43
4609,442064,23,7,16
4610,442073,327,97,230
4611,442134,477,40,437
4612,442161,32,7,25
4613,442213,13,0,13
4614,442240,226,37,189
4615,442295,64,31,33
4616,442329,687,639,48
4617,442356,593,94,499
4618,442383,57,9,48
4619,442392,26,6,20
4620,442426,221,15,206
4621,442435,12,3,9
4622,442523,10,3,7
4623,442569,1830,1093,737
4624,442602,188,18,170
4625,442611,576,553,23
4626,442639,136,106,30
4627,442657,89,12,77
4628,442718,45,4,41
4629,442781,27,7,20
4630,442806,483,251,232
4631,442842,76,18,58
4632,442879,212,23,189
4633,442888,80,65,15
4634,442930,489,218,271
4635,442949,8,0,8
4636,442967,98,11,87
4637,442976,55,7,48
4638,442985,88,20,68
4639,443021,98,77,21
4640,443030,18,5,13
4641,443049,80,52,28
4642,443058,8,4,4
4643,443076,37,17,20
4644,443100,36,14,22
4645,443128,219,101,118
4646,443137,142,26,116
4647,443146,45,35,10
4648,443173,8,0,8
4649,443207,225,215,10
4650,443216,141,123,18
4651,443225,91,80,11
4652,443234,103,9,94
4653,443252,964,797,167
4654,443261,164,13,151
4655,443289,120,16,104
4656,443298,87,78,9
4657,443322,172,21,151
4658,443331,587,122,465
4659,443340,15,9,6
4660,443377,42,41,1
4661,443410,214,155,59
4662,443492,366,154,212
4663,443562,171,38,133
4664,443571,111,98,13
4665,443599,289,17,272
4666,443632,117,90,27
4667,443641,78,2,76
4668,443650,343,103,240
4669,443669,158,11,147
4670,443678,35,3,32
4671,443696,3,0,3
4672,443702,13,9,4
4673,443748,282,26,256
4674,443766,349,78,271
4675,443784,407,131,276
4676,443951,27,13,14
4677,443979,96,0,96
4678,444051,79,8,71
4679,444088,112,20,92
4680,444103,1,1,0
4681,444130,2116,668,1448
4682,444194,105,4,101
4683,444200,100,15,85
4684,444219,974,393,581
4685,444228,13,0,13
4686,444255,43,8,35
4687,444264,150,49,101
4688,444282,21,0,21
4689,444291,34,0,34
4690,444307,27,2,25
4691,444316,56,2,54
4692,444325,17,1,16
4693,444334,31,4,27
4694,444343,56,8,48
4695,444361,87,26,61
4696,444370,34,34,0
4697,444398,28,13,15
4698,444404,20,9,11
4699,444413,19,19,0
4700,444440,21,3,18
4701,444468,5,0,5
4702,444486,189,13,176
4703,444510,41,4,37
4704,444529,87,8,79
4705,444556,285,150,135
4706,444565,165,64,101
4707,444583,414,225,189
4708,444592,90,4,86
4709,444635,50,11,39
4710,444662,70,64,6
4711,444671,108,43,65
4712,444680,32,7,25
4713,444699,10,3,7
4714,444714,44,0,44
4715,444732,23,6,17
4716,444778,12,5,7
4717,444787,235,27,208
4718,444796,93,44,49
4719,444811,50,9,41
4720,444857,56,1,55
4721,444866,96,16,80
4722,444893,187,27,160
4723,444936,280,63,217
4724,444945,371,47,324
4725,444954,974,513,461
4726,445027,2374,791,1583
4727,445054,3,3,0
4728,445133,175,79,96
4729,445188,1533,721,812
4730,445203,247,11,236
4731,445212,119,22,97
4732,445230,507,80,427
4733,445249,166,23,143
4734,445258,188,60,128
4735,445267,760,163,597
4736,445300,13,5,8
4737,445364,378,45,333
4738,445461,249,95,154
4739,445498,17,17,0
4740,445540,30,1,29
4741,445638,64,14,50
4742,445647,120,6,114
4743,445656,143,12,131
4744,445692,83,75,8
4745,445708,562,181,381
4746,445735,734,288,446
4747,445744,197,34,163
4748,445762,63,59,4
4749,445780,16,1,15
4750,445799,593,575,18
4751,445841,104,1,103
4752,445850,69,1,68
4753,445869,98,31,67
4754,445911,367,107,260
4755,445948,784,114,670
4756,445957,164,35,129
4757,446002,10,2,8
4758,446039,6,3,3
4759,446048,252,108,144
4760,446084,93,12,81
4761,446093,102,3,99
4762,446109,121,10,111
4763,446118,227,34,193
4764,446127,170,12,158
4765,446136,496,87,409
4766,446163,5,0,5
4767,446206,14,1,13
4768,446224,16,5,11
4769,446233,46,28,18
4770,446242,68,21,47
4771,446251,45,11,34
4772,446260,377,14,363
4773,446288,52,1,51
4774,446303,124,6,118
4775,446349,28,2,26
4776,446385,44,28,16
4777,446394,7,4,3
4778,446455,21,20,1
4779,446516,8,5,3
4780,446525,127,104,23
4781,446534,26,22,4
4782,446552,734,359,375
4783,446561,464,124,340
4784,446589,149,24,125
4785,446598,33,6,27
4786,446604,383,383,0
4787,446613,4,2,2
4788,446640,817,470,347
4789,446677,14,5,9
4790,446774,724,239,485
4791,446996,39,8,31
4792,447014,145,10,135
4793,447023,704,361,343
4794,447050,92,29,63
4795,447148,80,4,76
4796,447166,31,1,30
4797,447175,15,0,15
4798,447263,360,52,308
4799,447379,265,30,235
4800,447403,242,233,9
4801,447421,19,2,17
4802,447430,50,11,39
4803,447449,32,1,31
4804,447458,122,93,29
4805,447467,169,14,155
4806,447582,213,81,132
4807,447591,411,42,369
4808,447607,448,203,245
4809,447616,407,162,245
4810,447689,1179,476,703
4811,447698,25,6,19
4812,447704,61,1,60
4813,447713,59,12,47
4814,447722,19,2,17
4815,447731,246,18,228
4816,447759,86,20,66
4817,447768,721,148,573
4818,447777,230,127,103
4819,447795,54,8,46
4820,447801,92,33,59
4821,447810,236,14,222
4822,447847,112,96,16
4823,447865,14,8,6
4824,447874,304,297,7
4825,447883,158,27,131
4826,447892,89,12,77
4827,447908,38,3,35
4828,447917,23,1,22
4829,447935,158,3,155
4830,447953,118,59,59
4831,447962,107,21,86
4832,447971,49,2,47
4833,447980,22,3,19
4834,447999,127,29,98
4835,448017,65,3,62
4836,448026,82,2,80
4837,448044,1,1,0
4838,448071,162,19,143
4839,448123,73,10,63
4840,448196,127,12,115
4841,448220,91,2,89
4842,448239,59,2,57
4843,448248,1982,716,1266
4844,448257,30,0,30
4845,448275,22,2,20
4846,448354,59,11,48
4847,448424,48,0,48
4848,448433,613,592,21
4849,448594,696,234,462
4850,448600,160,10,150
4851,448619,202,19,183
4852,448646,163,5,158
4853,448673,841,83,758
4854,448691,70,10,60
4855,448707,41,5,36
4856,448752,44,11,33
4857,448761,24,5,19
4858,448770,135,131,4
4859,448798,47,3,44
4860,448840,1203,442,761
4861,448859,78,76,2
4862,448886,3506,1260,2246
4863,448895,235,38,197
4864,448983,78,9,69
4865,449038,482,200,282
4866,449074,586,69,517
4867,449083,206,204,2
4868,449092,177,177,0
4869,449135,62,31,31
4870,449250,283,55,228
4871,449311,79,1,78
4872,449320,270,265,5
4873,449339,11514,7417,4097
4874,449348,19,8,11
4875,449357,29,3,26
4876,449366,475,31,444
4877,449384,88,56,32
4878,449393,33,18,15
4879,449445,47,8,39
4880,449454,30,10,20
4881,449463,78,28,50
4882,449472,32,3,29
4883,449481,17,3,14
4884,449490,121,24,97
4885,449506,145,22,123
4886,449524,66,19,47
4887,449533,51,11,40
4888,449597,1,0,1
4889,449603,74,43,31
4890,449612,59,27,32
4891,449658,20,20,0
4892,449667,70,14,56
4893,449676,142,63,79
4894,449685,162,12,150
4895,449700,249,41,208
4896,449719,96,11,85
4897,449728,60,0,60
4898,449764,27,12,15
4899,449773,132,40,92
4900,449782,24,0,24
4901,449807,66,0,66
4902,449816,319,148,171
4903,449834,7,6,1
4904,449861,138,11,127
4905,449870,77,40,37
4906,449889,2876,809,2067
4907,449898,328,69,259
4908,449904,43,1,42
4909,449922,63,31,32
4910,449931,238,77,161
4911,449959,116,11,105
4912,449968,147,30,117
4913,449977,87,5,82
4914,449986,146,12,134
4915,449995,86,11,75
4916,450021,138,26,112
4917,450058,348,54,294
4918,450067,190,70,120
4919,450119,100,13,87
4920,450128,264,16,248
4921,450298,56,22,34
4922,450304,35,21,14
4923,450377,177,46,131
4924,450395,85,4,81
4925,450401,286,21,265
4926,450571,326,30,296
4927,450599,26,3,23
4928,450605,43,0,43
4929,450614,46,4,42
4930,450632,74,17,57
4931,450641,113,21,92
4932,450650,177,13,164
4933,450711,25,23,2
4934,450720,315,6,309
4935,450933,7567,4854,2713
4936,450951,112,59,53
4937,450960,62,6,56
4938,450979,2034,1383,651
4939,450988,228,19,209
4940,451006,43,7,36
4941,451042,24,9,15
4942,451051,74,5,69
4943,451079,14,1,13
4944,451097,106,10,96
4945,451103,584,209,375
4946,451121,70,6,64
4947,451149,282,12,270
4948,451158,356,18,338
4949,451167,124,42,82
4950,451194,23,1,22
4951,451228,197,163,34
4952,451237,103,7,96
4953,451255,37,1,36
4954,451264,66,8,58
4955,451282,76,3,73
4956,451291,18,2,16
4957,451307,10,0,10
4958,451316,32,5,27
4959,451334,152,60,92
4960,451343,41,0,41
4961,451352,219,23,196
4962,451370,20,20,0
4963,451398,18,18,0
4964,451404,65,65,0
4965,451413,194,50,144
4966,451459,126,40,86
4967,451468,160,2,158
4968,451477,1005,847,158
4969,451495,33,4,29
4970,451501,338,90,248
4971,451510,202,80,122
4972,451529,26,0,26
4973,451547,12,0,12
4974,451556,740,247,493
4975,451565,88,6,82
4976,451574,87,2,85
4977,451583,368,203,165
4978,451626,51,13,38
4979,451635,32,4,28
4980,451671,566,203,363
4981,451714,129,3,126
4982,451741,121,39,82
4983,451750,374,40,334
4984,451820,106,61,45
4985,451857,196,28,168
4986,451866,155,24,131
4987,451875,31,6,25
4988,451884,23,12,11
4989,451918,52,2,50
4990,451927,57,30,27
4991,452009,31,1,30
4992,452072,83,3,80
4993,452081,330,10,320
4994,452106,17,17,0
4995,452124,174,35,139
4996,452373,109,12,97
4997,452540,1,1,0
4998,452771,31,1,30
4999,452780,34,0,34
5000,452887,94,89,5
5001,452948,189,14,175
5002,453163,721,194,527
5003,453215,140,41,99
5004,453297,9,3,6
5005,453756,127,85,42
5006,453792,52,11,41
5007,454184,113,42,71
5008,454227,11635,1185,10450
5009,454236,179,24,155
5010,454245,227,31,196
5011,454306,157,11,146
5012,454458,32,6,26
5013,454537,51,1,50
5014,454546,25,1,24
5015,454555,93,3,90
5016,454573,41,0,41
5017,454582,78,22,56
5018,454607,180,5,175
5019,454616,73,59,14
5020,454652,59,0,59
5021,454689,117,68,49
5022,454698,307,128,179
5023,454722,27,7,20
5024,454759,13,9,4
5025,454768,154,15,139
5026,454777,164,21,143
5027,454786,153,66,87
5028,454795,151,40,111
5029,454801,50,3,47
5030,454810,985,323,662
5031,454829,1164,178,986
5032,454838,3,0,3
5033,454847,108,18,90
5034,454856,375,57,318
5035,454865,179,35,144
5036,454874,25,0,25
5037,454917,299,32,267
5038,454926,74,2,72
5039,454935,29,0,29
5040,454944,100,15,85
5041,454953,38,0,38
5042,454962,34,0,34
5043,454971,128,13,115
5044,454980,46,2,44
5045,454999,91,2,89
5046,455008,106,14,92
5047,455026,61,58,3
5048,455062,44,2,42
5049,455071,83,18,65
5050,455080,124,15,109
5051,455099,17,12,5
5052,455105,59,0,59
5053,455114,1302,629,673
5054,455141,146,3,143
5055,455178,35,12,23
5056,455187,155,9,146
5057,455196,1036,96,940
5058,455202,362,50,312
5059,455211,129,3,126
5060,455220,71,0,71
5061,455239,19,2,17
5062,455257,66,66,0
5063,455275,195,4,191
5064,455284,100,4,96
5065,455327,58,8,50
5066,455336,90,69,21
5067,455345,4,4,0
5068,455354,175,6,169
5069,455381,136,1,135
5070,455406,136,70,66
5071,455433,68,9,59
5072,455460,123,20,103
5073,455479,236,23,213
5074,455488,213,69,144
5075,455512,352,113,239
5076,455558,68,33,35
5077,455628,234,62,172
5078,455664,659,119,540
5079,455707,30,5,25
5080,455725,420,13,407
5081,455734,196,46,150
5082,455761,197,14,183
5083,455770,22,10,12
5084,455798,54,3,51
5085,455804,58,43,15
5086,455813,20,8,12
5087,455831,213,26,187
5088,455840,90,12,78
5089,455859,178,7,171
5090,455868,161,16,145
5091,455877,101,5,96
5092,455886,83,6,77
5093,455895,159,17,142
5094,455901,78,4,74
5095,455910,58,11,47
5096,455929,25,2,23
5097,455956,38,13,25
5098,455965,101,6,95
5099,455974,153,14,139
5100,455983,110,39,71
5101,455992,174,52,122
5102,456001,60,57,3
5103,456029,97,7,90
5104,456038,523,49,474
5105,456065,75,0,75
5106,456074,86,7,79
5107,456126,47,6,41
5108,456135,39,1,38
5109,456153,50,35,15
5110,456180,40,1,39
5111,456205,331,82,249
5112,456214,223,132,91
5113,456287,46,0,46
5114,456454,180,68,112
5115,456481,44,22,22
5116,456490,29,18,11
5117,456506,85,1,84
5118,456515,90,5,85
5119,456542,189,89,100
5120,456551,76,2,74
5121,456560,50,28,22
5122,456579,349,180,169
5123,456588,21,1,20
5124,456597,96,0,96
5125,456621,31,12,19
5126,456825,88,1,87
5127,456922,241,53,188
5128,456931,226,124,102
5129,456959,84,25,59
5130,456968,215,11,204
5131,456977,68,57,11
5132,457031,28,0,28
5133,457077,187,15,172
5134,457086,124,20,104
5135,457101,148,40,108
5136,457110,142,19,123
5137,457129,320,40,280
5138,457174,93,3,90
5139,457192,30,25,5
5140,457208,114,93,21
5141,457226,4,4,0
5142,457244,40,29,11
5143,457253,38,2,36
5144,457271,5,0,5
5145,457299,132,11,121
5146,457314,61,17,44
5147,457323,210,7,203
5148,457332,16,2,14
5149,457341,98,5,93
5150,457350,9,0,9
5151,457378,147,60,87
5152,457387,111,47,64
5153,457396,57,7,50
5154,457402,14,4,10
5155,457411,130,117,13
5156,457420,122,6,116
5157,457439,32,2,30
5158,457448,89,4,85
5159,457466,12,9,3
5160,457475,57,1,56
5161,457484,33,18,15
5162,457493,15,0,15
5163,457527,93,11,82
5164,457536,211,23,188
5165,457545,76,5,71
5166,457554,7,0,7
5167,457563,152,6,146
5168,457572,64,3,61
5169,457581,129,4,125
5170,457606,75,13,62
5171,457615,19,1,18
5172,457624,27,9,18
5173,457633,99,2,97
5174,457642,47,1,46
5175,457651,35,9,26
5176,457679,11,2,9
5177,457688,60,39,21
5178,457697,17,7,10
5179,457703,19,7,12
5180,457721,23,0,23
5181,457749,85,5,80
5182,457767,191,122,69
5183,457776,78,11,67
5184,457785,86,5,81
5185,457794,101,8,93
5186,457800,196,19,177
5187,457819,434,208,226
5188,457837,145,2,143
5189,457846,48,8,40
5190,457855,40,2,38
5191,457873,270,167,103
5192,457916,70,0,70
5193,457925,12,4,8
5194,457943,46,7,39
5195,457952,120,3,117
5196,457989,15,0,15
5197,457998,30,3,27
5198,458007,22,0,22
5199,458016,102,62,40
5200,458034,34,6,28
5201,458043,73,2,71
5202,458052,32,0,32
5203,458061,49,4,45
5204,458070,239,23,216
5205,458098,63,0,63
5206,458104,67,0,67
5207,458113,6,2,4
5208,458122,32,0,32
5209,458131,95,6,89
5210,458140,31,30,1
5211,458168,51,5,46
5212,458210,1031,202,829
5213,458229,361,74,287
5214,458265,440,134,306
5215,458274,73,5,68
5216,458380,69,10,59
5217,458405,396,184,212
5218,458423,99,10,89
5219,458441,210,26,184
5220,458496,106,45,61
5221,458681,139,43,96
5222,458803,38,0,38
5223,458812,56,0,56
5224,458821,34,0,34
5225,458830,66,3,63
5226,458849,43,3,40
5227,458858,69,5,64
5228,458867,104,6,98
5229,458885,36,8,28
5230,458919,1088,297,791
5231,458955,31,3,28
5232,458964,372,111,261
5233,458973,350,120,230
5234,458982,158,83,75
5235,459000,38,3,35
5236,459019,20,0,20
5237,459046,24,1,23
5238,459055,45,2,43
5239,459064,57,3,54
5240,459116,62,6,56
5241,459125,8,0,8
5242,459161,65,16,49
5243,459170,183,12,171
5244,459189,113,2,111
5245,459198,134,21,113
5246,459204,1493,267,1226
5247,459213,1080,181,899
5248,459231,92,3,89
5249,459259,180,30,150
5250,459268,144,31,113
5251,459277,268,13,255
5252,459286,102,15,87
5253,459295,61,4,57
5254,459301,52,2,50
5255,459310,16,4,12
5256,459329,176,76,100
5257,459347,31,1,30
5258,459374,113,2,111
5259,459392,85,2,83
5260,459408,51,4,47
5261,459417,46,33,13
5262,459426,99,2,97
5263,459462,161,142,19
5264,459499,28,2,26
5265,459514,103,17,86
5266,459523,22,4,18
5267,459532,41,0,41
5268,459541,12,0,12
5269,459550,70,2,68
5270,459578,50,17,33
5271,459727,691,209,482
5272,459736,455,179,276
5273,459745,75,8,67
5274,459824,486,197,289
5275,459842,96,19,77
5276,459851,99,25,74
5277,459949,1662,623,1039
5278,459958,245,46,199
5279,459967,328,107,221
5280,459985,389,174,215
5281,459994,1854,730,1124
5282,460011,84,3,81
5283,460020,159,34,125
5284,460075,31,20,11
5285,460093,85,1,84
5286,460109,108,3,105
5287,460118,112,4,108
5288,460127,76,3,73
5289,460136,739,90,649
5290,460145,178,97,81
5291,460172,403,380,23
5292,460181,454,55,399
5293,460190,291,25,266
5294,460206,443,69,374
5295,460349,391,119,272
5296,460376,131,70,61
5297,460385,14,1,13
5298,460394,1526,702,824
5299,460446,105,3,102
5300,460455,61,13,48
5301,460464,1176,524,652
5302,460482,66,3,63
5303,460516,56,1,55
5304,460525,79,7,72
5305,460534,121,3,118
5306,460543,620,590,30
5307,460552,47,17,30
5308,460570,116,8,108
5309,460598,170,25,145
5310,460677,269,78,191
5311,460701,77,7,70
5312,460738,1023,105,918
5313,460756,240,28,212
5314,460765,19,0,19
5315,460783,165,12,153
5316,460808,22,1,21
5317,460817,364,259,105
5318,460826,270,145,125
5319,460835,351,124,227
5320,460862,84,2,82
5321,460871,136,14,122
5322,460899,46,16,30
5323,460914,254,1,253
5324,460932,72,2,70
5325,460969,154,18,136
5326,460978,126,2,124
5327,460987,78,0,78
5328,460996,98,3,95
5329,461005,134,14,120
5330,461014,393,28,365
5331,461023,208,18,190
5332,461032,46,23,23
5333,461111,16,12,4
5334,461120,15,10,5
5335,461139,12,5,7
5336,461148,782,389,393
5337,461157,7,7,0
5338,461175,269,31,238
5339,461193,155,6,149
5340,461218,158,22,136
5341,461245,113,40,73
5342,461254,48,11,37
5343,461263,15,1,14
5344,461272,32,0,32
5345,461281,26,0,26
5346,461290,43,3,40
5347,461306,23,7,16
5348,461315,7,3,4
5349,461324,353,120,233
5350,461333,14,12,2
5351,461342,72,0,72
5352,461351,1215,312,903
5353,461379,33,6,27
5354,461388,24,1,23
5355,461412,109,34,75
5356,461421,117,4,113
5357,461430,443,416,27
5358,461485,19,13,6
5359,461494,85,14,71
5360,461500,17,2,15
5361,461528,25,13,12
5362,461537,15,2,13
5363,461555,91,2,89
5364,461573,61,58,3
5365,461582,103,0,103
5366,461591,69,5,64
5367,461607,55,4,51
5368,461625,4,4,0
5369,461643,38,2,36
5370,461652,43,2,41
5371,461689,239,14,225
5372,461704,108,17,91
5373,461713,44,1,43
5374,461722,26,0,26
5375,461740,10,9,1
5376,461759,17,6,11
5377,461768,194,5,189
5378,461786,17,0,17
5379,461795,172,109,63
5380,461810,31,4,27
5381,461829,171,21,150
5382,461838,174,2,172
5383,461847,19,19,0
5384,461856,261,91,170
5385,461865,58,3,55
5386,461874,40,3,37
5387,461883,71,33,38
5388,461892,142,13,129
5389,461908,54,1,53
5390,461917,60,1,59
5391,461926,81,0,81
5392,461944,30,0,30
5393,461953,28,0,28
5394,461962,308,126,182
5395,461999,36,2,34
5396,462008,128,20,108
5397,462017,56,4,52
5398,462035,263,81,182
5399,462044,11,2,9
5400,462053,80,8,72
5401,462062,71,0,71
5402,462071,78,22,56
5403,462336,50,2,48
5404,462345,50,2,48
5405,462354,91,56,35
5406,464226,54,24,30
5407,465812,1116,195,921
5408,466152,18,5,13
5409,466161,45,7,38
5410,466189,23,8,15
5411,466921,162,16,146
5412,466930,320,42,278
5413,467094,221,6,215
5414,467863,103,11,92
5415,467872,87,0,87
5416,467906,64,3,61
5417,468024,101,22,79
5418,468246,115,6,109
5419,468255,25,1,24
5420,468705,21,4,17
5421,468769,80,73,7
5422,468848,293,124,169
5423,468893,76,2,74
5424,468909,429,137,292
5425,468963,463,450,13
5426,469416,101,42,59
5427,469610,93,10,83
5428,469629,121,114,7
5429,469638,257,114,143
5430,469911,175,9,166
5431,469920,106,5,101
5432,469957,148,7,141
5433,470038,398,131,267
5434,470047,33,6,27
5435,470296,11,4,7
5436,470393,36,8,28
5437,474863,724,228,496
5438,474890,133,37,96
5439,474906,29,5,24
5440,474915,192,8,184
5441,474924,78,1,77
5442,475015,107,2,105
5443,475024,172,69,103
5444,475033,1181,298,883
5445,475060,182,14,168
5446,475097,118,62,56
5447,475121,2261,351,1910
5448,475130,61,1,60
5449,475200,90,27,63
5450,475228,15,7,8
5451,475273,321,67,254
5452,475282,47,12,35
5453,475325,286,38,248
5454,475398,60,30,30
5455,475404,108,1,107
5456,475413,25,3,22
5457,475422,63,0,63
5458,475431,173,21,152
5459,475459,376,171,205
5460,475468,118,2,116
5461,475477,77,13,64
5462,475486,143,11,132
5463,475495,225,88,137
5464,475510,38,3,35
5465,475538,15,0,15
5466,475547,86,20,66
5467,475556,69,3,66
5468,475565,221,76,145
5469,475574,31,16,15
5470,475608,40,29,11
5471,475635,3,1,2
5472,475653,21,2,19
5473,475662,58,1,57
5474,475705,11,4,7
5475,475714,329,266,63
5476,475723,192,81,111
5477,475732,331,28,303
5478,475741,63,6,57
5479,475750,21,3,18
5480,475839,55,15,40
5481,476063,165,158,7
5482,476179,44,0,44
5483,476230,34,2,32
5484,476294,68,10,58
5485,476355,66,37,29
5486,476489,80,69,11
5487,476498,121,97,24
5488,476513,46,3,43
5489,476540,86,3,83
5490,476559,76,5,71
5491,476568,21,15,6
5492,476586,93,3,90
5493,476595,42,3,39
5494,476601,16,16,0
5495,476610,53,40,13
5496,476629,49,0,49
5497,476674,23,1,22
5498,476683,180,12,168
5499,476692,6,6,0
5500,476708,69,55,14
5501,476717,53,53,0
5502,476726,475,93,382
5503,476735,40,15,25
5504,476753,102,4,98
5505,476771,13,10,3
5506,476780,237,24,213
5507,476799,100,23,77
5508,476805,22,0,22
5509,476814,234,194,40
5510,476823,74,5,69
5511,476841,100,7,93
5512,476850,44,34,10
5513,476869,95,0,95
5514,476878,98,4,94
5515,476887,246,6,240
5516,476896,34,2,32
5517,476902,25,3,22
5518,476939,429,50,379
5519,476948,108,88,20
5520,476957,17,0,17
5521,476966,111,103,8
5522,476975,3600,1485,2115
5523,476984,81,5,76
5524,476993,179,1,178
5525,477002,45,0,45
5526,477039,160,26,134
5527,477950,27,0,27
5528,477996,19,4,15
5529,478014,27,10,17
5530,478582,39,1,38
5531,478591,110,7,103
5532,478616,39,2,37
5533,478634,85,55,30
5534,478661,95,23,72
5535,478917,34,1,33
5536,478953,121,9,112
5537,479062,43,43,0
5538,479248,154,38,116
5539,479424,128,16,112
5540,479956,4088,2102,1986
5541,479965,68,20,48
5542,479974,46,12,34
5543,479983,43,5,38
5544,479992,78,73,5
5545,480000,32,23,9
5546,480019,769,719,50
5547,480028,108,89,19
5548,480037,1455,1187,268
5549,480073,80,17,63
5550,480082,75,14,61
5551,480091,919,95,824
5552,480125,223,9,214
5553,480161,14,0,14
5554,480170,83,5,78
5555,480189,211,95,116
5556,480198,197,58,139
5557,480204,282,52,230
5558,480301,26,7,19
5559,480310,34,2,32
5560,480347,43,1,42
5561,480471,348,76,272
5562,480499,6,3,3
5563,480523,57,2,55
5564,480532,66,0,66
5565,480550,71,11,60
5566,480569,831,406,425
5567,480657,180,21,159
5568,480693,110,30,80
5569,480727,24,24,0
5570,480736,39,28,11
5571,480781,40,27,13
5572,480790,170,85,85
5573,480824,42,3,39
5574,480833,354,34,320
5575,480842,8,3,5
5576,480851,75,44,31
5577,480879,27,4,23
5578,480888,252,66,186
5579,480903,650,599,51
5580,480912,3,0,3
5581,480921,30,22,8
5582,480930,56,0,56
5583,480967,47,15,32
5584,480976,16,0,16
5585,480985,29,0,29
5586,480994,19,1,18
5587,481003,213,179,34
5588,481021,26,18,8
5589,481049,28,3,25
5590,481058,25,9,16
5591,481085,78,14,64
5592,481094,92,9,83
5593,481100,168,57,111
5594,481128,86,4,82
5595,481137,18,9,9
5596,481146,159,4,155
5597,481155,141,41,100
5598,481182,34,5,29
5599,481191,296,92,204
5600,481207,81,21,60
5601,481225,1,0,1
5602,481243,157,0,157
5603,481252,31,2,29
5604,481289,76,12,64
5605,481298,37,2,35
5606,481313,99,2,97
5607,481322,13,1,12
5608,481331,132,106,26
5609,481340,38,1,37
5610,481368,61,2,59
5611,481386,68,3,65
5612,481401,61,46,15
5613,481410,11,11,0
5614,481429,47,8,39
5615,481438,7,7,0
5616,481447,29,2,27
5617,481456,14,1,13
5618,481465,51,2,49
5619,481474,95,0,95
5620,481483,308,5,303
5621,481508,63,4,59
5622,481517,59,3,56
5623,481526,121,0,121
5624,481544,35,20,15
5625,481571,2,0,2
5626,481678,32,2,30
5627,481720,61,16,45
5628,481739,34,1,33
5629,481748,55,0,55
5630,481845,35,3,32
5631,481863,76,2,74
5632,481890,68,4,64
5633,481906,99,6,93
5634,481960,125,73,52
5635,482015,469,296,173
5636,482060,154,13,141
5637,482097,402,260,142
5638,482149,2199,709,1490
5639,482158,1267,506,761
5640,482167,51,0,51
5641,482176,117,8,109
5642,482185,15,8,7
5643,482194,92,16,76
5644,482200,29,2,27
5645,482228,18,13,5
5646,482246,33,31,2
5647,482255,147,136,11
5648,482291,641,274,367
5649,482325,9,3,6
5650,482334,3,0,3
5651,482370,59,9,50
5652,482413,426,244,182
5653,482422,186,107,79
5654,482431,819,488,331
5655,482440,61,26,35
5656,482459,298,155,143
5657,482468,366,160,206
5658,482477,5056,1948,3108
5659,482486,27,8,19
5660,482538,55,32,23
5661,482547,43,25,18
5662,482556,154,105,49
5663,482565,61,25,36
5664,482574,238,140,98
5665,482608,102,45,57
5666,482617,19,12,7
5667,482635,217,133,84
5668,482653,135,78,57
5669,482680,3077,1176,1901
5670,482699,357,93,264
5671,482705,3474,1420,2054
5672,482936,245,205,40
5673,482963,168,14,154
5674,482972,104,12,92
5675,482981,99,79,20
5676,482990,230,25,205
5677,483009,116,18,98
5678,483018,22,6,16
5679,483036,783,306,477
5680,483045,4154,1834,2320
5681,483054,61,48,13
5682,483106,111,10,101
5683,483124,8146,2727,5419
5684,483212,1055,496,559
5685,483230,156,150,6
5686,483258,28,23,5
5687,483276,28,24,4
5688,483328,92,8,84
5689,483337,77,4,73
5690,483346,34,2,32
5691,483355,145,3,142
5692,483364,115,1,114
5693,483373,28,0,28
5694,483382,226,224,2
5695,483425,23,0,23
5696,483443,411,358,53
5697,483470,47,4,43
5698,483504,197,59,138
5699,483513,35,23,12
5700,483559,20,2,18
5701,483577,22,1,21
5702,483586,7,4,3
5703,483595,28,4,24
5704,483638,35,2,33
5705,483647,50,0,50
5706,483665,5,0,5
5707,483708,482,61,421
5708,483717,21,1,20
5709,483726,9,0,9
5710,483735,16,1,15
5711,483744,25,22,3
5712,483753,13,11,2
5713,483780,201,129,72
5714,483799,6,2,4
5715,483814,209,23,186
5716,483823,385,324,61
5717,483841,207,13,194
5718,483850,20,9,11
5719,483869,54,3,51
5720,483878,96,10,86
5721,483887,45,7,38
5722,483896,173,7,166
5723,483911,9,0,9
5724,483920,63,46,17
5725,483939,6,2,4
5726,483948,16,13,3
5727,483957,33,4,29
5728,483975,159,96,63
5729,484002,346,35,311
5730,484011,113,28,85
5731,484020,19,16,3
5732,484039,67,4,63
5733,484048,6,5,1
5734,484057,328,28,300
5735,484066,317,9,308
5736,484075,30,26,4
5737,484084,43,0,43
5738,484093,66,0,66
5739,484109,44,0,44
5740,484127,66,21,45
5741,484136,27,3,24
5742,484163,221,50,171
5743,484172,66,20,46
5744,484190,22,21,1
5745,484206,103,3,100
5746,484233,142,110,32
5747,484321,54,1,53
5748,484330,52,1,51
5749,484349,60,2,58
5750,484358,76,8,68
5751,484367,105,11,94
5752,484376,171,16,155
5753,484385,122,24,98
5754,484394,86,16,70
5755,484473,600,247,353
5756,484604,284,10,274
5757,484613,26172,8884,17288
5758,484631,2533,1441,1092
5759,484640,67,34,33
5760,484668,144,78,66
5761,484677,88,34,54
5762,484695,33,11,22
5763,484710,137,66,71
5764,484729,37,14,23
5765,484747,38,9,29
5766,484756,420,227,193
5767,484765,82,56,26
5768,484783,28,5,23
5769,484826,39,0,39
5770,484835,90,21,69
5771,484862,66,25,41
5772,484871,14,14,0
5773,484899,162,6,156
5774,484905,808,243,565
5775,484923,114,2,112
5776,484932,387,154,233
5777,484950,78,9,69
5778,484996,61,3,58
5779,485014,36,3,33
5780,485032,80,2,78
5781,485111,1899,659,1240
5782,485120,54,4,50
5783,485139,87,68,19
5784,485166,59,13,46
5785,485236,23,0,23
5786,485263,228,119,109
5787,485272,131,18,113
5788,485290,212,76,136
5789,485306,25,1,24
5790,485342,37,21,16
5791,485360,9,0,9
5792,485379,196,47,149
5793,485388,246,30,216
5794,485397,51,2,49
5795,485403,14,3,11
5796,485412,50,3,47
5797,485458,1343,600,743
5798,485476,61,0,61
5799,485485,142,12,130
5800,485494,65,52,13
5801,485500,86,73,13
5802,485519,82,53,29
5803,485537,14,9,5
5804,485546,106,63,43
5805,485564,181,4,177
5806,485573,94,9,85
5807,485582,91,5,86
5808,485591,10,0,10
5809,485607,18,1,17
5810,485698,10,6,4
5811,485704,11,1,10
5812,485731,21,1,20
5813,485768,109,75,34
5814,485801,66,5,61
5815,485810,15,13,2
5816,485856,8,3,5
5817,485874,80,3,77
5818,485908,32,7,25
5819,485926,55,0,55
5820,485953,16,15,1
5821,485962,15,8,7
5822,485999,29,29,0
5823,486017,12,12,0
5824,486053,51,36,15
5825,486080,5,5,0
5826,486105,4,0,4
5827,486123,11,8,3
5828,486141,4,0,4
5829,486150,89,25,64
5830,486169,46,38,8
5831,486196,5,5,0
5832,486202,23,1,22
5833,486239,128,44,84
5834,486248,87,24,63
5835,486257,80,35,45
5836,486284,92,27,65
5837,486309,12,3,9
5838,486327,11,0,11
5839,486345,136,132,4
5840,486354,17,5,12
5841,486372,9,5,4
5842,486381,40,4,36
5843,486390,162,97,65
5844,486406,11,1,10
5845,486415,106,15,91
5846,486424,25,1,24
5847,486433,58,21,37
5848,486442,29,2,27
5849,486460,22,6,16
5850,486488,7,5,2
5851,486497,34,26,8
5852,486503,23,2,21
5853,486512,53,26,27
5854,486530,100,4,96
5855,486558,72,69,3
5856,486567,86,6,80
5857,486576,178,38,140
5858,486594,10,6,4
5859,486619,37,0,37
5860,486691,37,3,34
5861,486707,129,5,124
5862,486716,86,3,83
5863,486734,108,26,82
5864,486752,71,4,67
5865,486770,51,10,41
5866,486798,907,854,53
5867,486813,362,52,310
5868,486822,590,85,505
5869,486840,6692,3172,3520
5870,486859,31,3,28
5871,486868,15,1,14
5872,486877,16,0,16
5873,486886,15,0,15
5874,486901,327,116,211
5875,486938,98,18,80
5876,486947,129,12,117
5877,486956,199,18,181
5878,486965,27,7,20
5879,486983,31,7,24
5880,487010,1056,340,716
5881,487047,137,4,133
5882,487065,24,3,21
5883,487083,24,2,22
5884,487092,462,199,263
5885,487162,1506,628,878
5886,487232,37,2,35
5887,487296,164,63,101
5888,487302,233,65,168
5889,487311,225,207,18
5890,487320,3139,2331,808
5891,487348,95,7,88
5892,487375,35,1,34
5893,487384,422,115,307
5894,487393,450,189,261
5895,487409,391,148,243
5896,487418,368,122,246
5897,487427,309,133,176
5898,487436,195,53,142
5899,487445,254,62,192
5900,487454,250,100,150
5901,487472,506,165,341
5902,487481,182,69,113
5903,487490,195,84,111
5904,487506,86,5,81
5905,487524,823,311,512
5906,487533,57,1,56
5907,487588,244,12,232
5908,487597,452,433,19
5909,487603,201,77,124
5910,487621,4,4,0
5911,487649,10,3,7
5912,487658,3,2,1
5913,487676,77,1,76
5914,487746,7,7,0
5915,487773,81,6,75
5916,487791,409,378,31
5917,487807,7,3,4
5918,487816,12,0,12
5919,487852,20,7,13
5920,487861,75,6,69
5921,487889,226,30,196
5922,487898,10,9,1
5923,487904,22,13,9
5924,487913,13,12,1
5925,487922,32,0,32
5926,487959,26,0,26
5927,487968,16,0,16
5928,487977,783,22,761
5929,487995,25,8,17
5930,488004,6,6,0
5931,488013,64,3,61
5932,488022,15,14,1
5933,488031,39,20,19
5934,488040,18,17,1
5935,488059,40,11,29
5936,488068,27,5,22
5937,488077,823,814,9
5938,488086,41,1,40
5939,488101,29,29,0
5940,488110,25,1,24
5941,488129,3,0,3
5942,488138,135,3,132
5943,488147,27,3,24
5944,488174,10,7,3
5945,488183,12,3,9
5946,488192,45,45,0
5947,488217,65,1,64
5948,488226,7,2,5
5949,488235,7,0,7
5950,488253,99,63,36
5951,488262,26,14,12
5952,488271,94,2,92
5953,488280,98,70,28
5954,488299,18,1,17
5955,488305,69,36,33
5956,488314,4,4,0
5957,488332,7,1,6
5958,488350,7,7,0
5959,488369,29,25,4
5960,488378,23,1,22
5961,488387,120,25,95
5962,488396,30,25,5
5963,488411,55,1,54
5964,488420,71,19,52
5965,488439,38,33,5
5966,488448,47,27,20
5967,488572,59,30,29
5968,488651,75,6,69
5969,488679,4223,1227,2996
5970,488730,374,152,222
5971,488749,83,12,71
5972,488776,43,14,29
5973,488785,23,9,14
5974,488800,316,80,236
5975,488828,9,2,7
5976,488837,567,488,79
5977,488846,291,211,80
5978,488891,115,16,99
5979,488907,5,1,4
5980,488916,15,0,15
5981,488925,141,135,6
5982,488934,1786,914,872
5983,488952,116,4,112
5984,488961,92,2,90
5985,488970,127,13,114
5986,488989,75,2,73
5987,488998,62,11,51
5988,489122,22,3,19
5989,489131,44,4,40
5990,489140,42,2,40
5991,489159,108,3,105
5992,489201,806,306,500
5993,489238,174,20,154
5994,489247,29,12,17
5995,489256,41,41,0
5996,489283,310,72,238
5997,489335,7,3,4
5998,489344,52,2,50
5999,489353,64,8,56
6000,489371,73,69,4
6001,489414,75,30,45
6002,489760,43,42,1
6003,489779,8797,2432,6365
6004,489812,50,2,48
6005,489830,22,0,22
6006,489858,139,50,89
6007,489937,149,101,48
6008,490018,37,26,11
6009,490045,30,17,13
6010,490054,287,138,149
6011,490063,134,68,66
6012,490072,465,425,40
6013,490081,20,14,6
6014,490090,17,10,7
6015,490106,45,22,23
6016,490115,37,33,4
6017,490124,5,3,2
6018,490133,340,183,157
6019,490142,16,5,11
6020,490151,121,7,114
6021,490160,36,9,27
6022,490197,19,5,14
6023,490203,84,3,81
6024,490230,3,2,1
6025,490249,48,46,2
6026,490258,23,19,4
6027,490267,13,9,4
6028,490276,44,44,0
6029,490285,179,163,16
6030,490294,76,16,60
6031,490300,45,5,40
6032,490319,2,2,0
6033,490328,6,6,0
6034,490337,33,8,25
6035,490346,49,0,49
6036,490373,68,34,34
6037,490382,48,10,38
6038,490391,48,2,46
6039,490407,40,0,40
6040,490416,23,21,2
6041,490425,111,2,109
6042,490434,23,0,23
6043,490443,137,1,136
6044,490461,122,8,114
6045,490470,16,3,13
6046,490489,11,10,1
6047,490498,17,8,9
6048,490504,6,6,0
6049,490513,11,11,0
6050,490531,8,7,1
6051,490540,2,0,2
6052,490559,112,6,106
6053,490568,141,6,135
6054,490674,5,0,5
6055,490692,24,24,0
6056,490717,77,8,69
6057,490735,49,4,45
6058,490744,19,16,3
6059,490753,7,2,5
6060,490805,2420,916,1504
6061,490814,122,9,113
6062,490832,103,6,97
6063,490841,101,8,93
6064,490869,72,10,62
6065,490878,202,44,158
6066,490896,243,11,232
6067,490948,11,10,1
6068,490975,114,19,95
6069,491066,23,0,23
6070,491075,41,41,0
6071,491084,104,4,100
6072,491093,7,1,6
6073,491136,48,1,47
6074,491145,53,2,51
6075,491181,59,12,47
6076,491224,14,0,14
6077,491233,10,1,9
6078,491242,26,11,15
6079,491251,76,35,41
6080,491260,15,1,14
6081,491288,103,37,66
6082,491297,5,2,3
6083,491394,17,13,4
6084,491446,75,0,75
6085,491455,117,105,12
6086,491464,89,15,74
6087,491473,176,84,92
6088,491482,44,5,39
6089,491507,51,5,46
6090,491525,8,5,3
6091,491534,7,2,5
6092,491543,82,21,61
6093,491552,8,0,8
6094,491570,8,0,8
6095,491589,9,3,6
6096,491598,12,4,8
6097,491622,15,15,0
6098,491631,45,0,45
6099,491640,23,23,0
6100,491659,21,6,15
6101,491668,126,4,122
6102,491677,15,13,2
6103,491686,17,11,6
6104,491695,11,2,9
6105,491701,43,7,36
6106,491710,21,21,0
6107,491729,23,1,22
6108,491738,52,3,49
6109,491747,22,9,13
6110,491756,68,51,17
6111,491765,1,1,0
6112,491774,38,3,35
6113,491783,12,5,7
6114,491792,36,0,36
6115,491808,8,4,4
6116,491817,102,0,102
6117,491826,23,0,23
6118,491835,60,1,59
6119,491844,12,3,9
6120,491853,12,0,12
6121,491871,3,0,3
6122,491880,41,40,1
6123,491899,68,7,61
6124,491905,28,5,23
6125,491914,33,33,0
6126,491923,141,1,140
6127,491932,31,30,1
6128,491941,43,2,41
6129,491950,374,48,326
6130,491969,5,0,5
6131,491978,10,2,8
6132,491996,23,1,22
6133,492005,12,0,12
6134,492032,11,0,11
6135,492069,9,5,4
6136,492096,6,0,6
6137,492102,17,13,4
6138,492139,93,70,23
6139,492157,649,577,72
6140,492209,1,0,1
6141,492281,15,9,6
6142,492306,328,50,278
6143,492315,112,36,76
6144,492324,390,54,336
6145,492360,13,3,10
6146,492379,26,25,1
6147,492397,22,0,22
6148,492421,23,21,2
6149,492449,256,39,217
6150,492476,22,7,15
6151,492573,1,1,0
6152,492591,17,14,3
6153,492643,87,24,63
6154,492652,8,5,3
6155,492661,90,19,71
6156,492689,274,100,174
6157,492704,16,5,11
6158,492722,97,3,94
6159,492731,61,6,55
6160,492801,435,173,262
6161,492935,16,4,12
6162,492953,25,1,24
6163,492962,685,219,466
6164,493080,126,70,56
6165,493132,8,8,0
6166,493150,38,1,37
6167,493363,8,8,0
6168,493372,14,2,12
6169,493424,48,2,46
6170,493451,51,5,46
6171,493479,9,3,6
6172,493488,4,0,4
6173,493497,1,0,1
6174,493503,32,18,14
6175,493512,20,6,14
6176,493521,6,4,2
6177,493530,28,8,20
6178,493549,57,55,2
6179,493558,20,20,0
6180,493567,43,0,43
6181,493576,5,0,5
6182,493594,8,8,0
6183,493600,17,17,0
6184,493619,72,19,53
6185,493628,40,4,36
6186,493637,9,1,8
6187,493646,180,0,180
6188,493655,7,3,4
6189,493664,23,23,0
6190,493673,6,1,5
6191,493682,67,2,65
6192,493691,13,0,13
6193,493707,12,12,0
6194,493716,29,29,0
6195,493725,163,68,95
6196,493734,19,14,5
6197,493743,102,57,45
6198,493752,24,1,23
6199,493761,40,19,21
6200,493770,13,0,13
6201,493789,2,0,2
6202,493798,125,0,125
6203,493804,27,25,2
6204,493813,39,1,38
6205,493822,11,2,9
6206,493831,9,7,2
6207,493895,105,100,5
6208,494001,7,1,6
6209,494010,8,3,5
6210,494029,1,0,1
6211,494171,29,2,27
6212,494232,25,3,22
6213,494436,133,63,70
6214,494454,137,10,127
6215,494463,143,0,143
6216,494524,17,0,17
6217,494551,23,2,21
6218,494597,82,39,43
6219,494603,534,400,134
6220,494621,34,5,29
6221,494630,14,7,7
6222,494649,8,0,8
6223,494658,47,4,43
6224,494685,31,15,16
6225,494694,25,1,24
6226,494700,50,1,49
6227,494719,12,11,1
6228,494728,26,18,8
6229,494737,12,12,0
6230,494746,264,67,197
6231,494834,33,9,24
6232,494843,317,24,293
6233,494852,283,82,201
6234,494904,204,19,185
